	sequences per sample	iteration	515rcbc21	515rcbc17	515rcbc34	515rcbc33	515rcbc31	515rcbc15	515rcbc26	515rcbc22	515rcbc37	515rcbc24	515rcbc18	515rcbc35	515rcbc11	515rcbc27	515rcbc13	515rcbc23	515rcbc32	515rcbc16	515rcbc19	515rcbc9	515rcbc29	515rcbc14	515rcbc10	515rcbc28	515rcbc8	515rcbc25	515rcbc36
alpha_rarefaction_10_0.txt	10	0	29.0	23.0	8.5	23.0	13.0	55.0	8.5	23.0	55.0	23.0	23.0	55.0	12.0	55.0	55.0	23.0	29.0	55.0	55.0	23.0	13.0	13.0	55.0	12.0	13.0	29.0	12.0
alpha_rarefaction_10_1.txt	10	1	23.0	23.0	23.0	23.0	29.0	23.0	55.0	22.0	23.0	23.0	23.0	23.0	55.0	29.0	55.0	13.0	12.0	7.0	23.0	13.0	23.0	23.0	12.0	13.0	55.0	7.0	23.0
alpha_rarefaction_10_2.txt	10	2	12.0	23.0	55.0	13.0	55.0	23.0	55.0	23.0	55.0	55.0	55.0	13.0	55.0	13.0	23.0	23.0	29.0	23.0	55.0	12.0	55.0	55.0	23.0	23.0	7.0	23.0	13.0
alpha_rarefaction_10_3.txt	10	3	55.0	55.0	23.0	23.0	23.0	55.0	13.0	13.0	55.0	55.0	12.0	23.0	55.0	23.0	55.0	55.0	13.0	29.0	23.0	55.0	55.0	23.0	23.0	13.0	55.0	23.0	23.0
alpha_rarefaction_10_4.txt	10	4	12.0	55.0	23.0	13.0	23.0	55.0	55.0	55.0	13.0	23.0	9.0	13.0	55.0	23.0	23.0	23.0	23.0	13.0	8.5	8.5	13.0	23.0	23.0	23.0	23.0	8.5	23.0
alpha_rarefaction_10_5.txt	10	5	55.0	13.0	55.0	22.0	23.0	55.0	55.0	55.0	23.0	23.0	23.0	55.0	13.0	55.0	55.0	29.0	23.0	12.0	55.0	12.0	23.0	13.0	55.0	23.0	22.0	23.0	23.0
alpha_rarefaction_10_6.txt	10	6	23.0	29.0	55.0	13.0	23.0	55.0	23.0	13.0	23.0	55.0	23.0	23.0	55.0	55.0	23.0	55.0	23.0	55.0	55.0	23.0	23.0	29.0	55.0	8.5	8.5	23.0	55.0
alpha_rarefaction_10_7.txt	10	7	55.0	23.0	23.0	12.0	23.0	23.0	13.0	55.0	13.0	23.0	55.0	55.0	55.0	29.0	23.0	55.0	55.0	12.0	55.0	23.0	23.0	55.0	23.0	55.0	55.0	29.0	12.0
alpha_rarefaction_10_8.txt	10	8	13.0	55.0	23.0	55.0	55.0	23.0	13.0	23.0	23.0	13.0	23.0	23.0	23.0	55.0	55.0	55.0	13.0	29.0	55.0	55.0	23.0	9.0	55.0	13.0	23.0	13.0	23.0
alpha_rarefaction_10_9.txt	10	9	23.0	12.0	13.0	13.0	9.0	13.0	29.0	55.0	23.0	23.0	23.0	12.0	55.0	55.0	29.0	23.0	16.0	23.0	23.0	23.0	13.0	13.0	55.0	29.0	9.0	55.0	23.0
alpha_rarefaction_491_0.txt	491	0	152.769230769	130.5	112.0	163.476190476	154.130434783	131.333333333	142.9375	137.44	125.130434783	142.142857143	158.333333333	119.666666667	136.5	133.538461538	151.454545455	136.44	121.0625	135.037037037	148.565217391	114.714285714	154.142857143	137.454545455	142.157894737	133.333333333	146.047619048	104.235294118	142.0
alpha_rarefaction_491_1.txt	491	1	119.647058824	121.037037037	104.588235294	140.681818182	140.44	147.375	117.9375	140.64	150.272727273	124.136363636	137.333333333	138.052631579	176.666666667	138.375	139.4	129.076923077	180.0	128.777777778	144.157894737	152.052631579	123.916666667	188.615384615	159.315789474	145.913043478	111.5	120.0	124.222222222
alpha_rarefaction_491_2.txt	491	2	114.043478261	153.0	117.75	134.12	128.333333333	117.526315789	96.0526315789	116.222222222	142.096774194	132.8	143.714285714	96.0	128.956521739	140.565217391	138.956521739	138.0	128.058823529	143.285714286	136.5	137.4	128.03030303	130.375	132.8	130.058823529	118.0	108.375	136.565217391
alpha_rarefaction_491_3.txt	491	3	119.0	132.12	123.882352941	134.12	129.954545455	147.2	125.0	126.75	159.052631579	124.615384615	117.117647059	121.25	126.12	144.230769231	132.0	129.25	161.909090909	126.6	142.565217391	129.44	180.368421053	134.791666667	127.12	127.142857143	136.714285714	101.0	178.461538462
alpha_rarefaction_491_4.txt	491	4	141.615384615	124.772727273	129.619047619	162.272727273	147.052631579	164.555555556	111.894736842	143.75	144.037037037	125.5	122.055555556	124.0625	119.0	127.111111111	154.625	124.055555556	130.058823529	122.368421053	134.12	143.75	133.565217391	136.615384615	133.0	126.25	119.125	100.0	137.05
alpha_rarefaction_491_5.txt	491	5	108.157894737	119.142857143	122.454545455	110.538461538	126.8	120.636363636	104.882352941	147.5	154.454545455	128.44	134.25	135.0	141.038461538	118.451612903	144.166666667	155.047619048	129.272727273	153.526315789	144.875	137.391304348	140.636363636	122.666666667	129.869565217	141.24137931	120.375	102.461538462	126.105263158
alpha_rarefaction_491_6.txt	491	6	124.473684211	137.105263158	116.636363636	123.096774194	130.272727273	143.038461538	105.333333333	149.3	141.714285714	146.052631579	140.956521739	123.909090909	128.4	136.285714286	166.714285714	152.954545455	150.714285714	143.0	167.4	128.12	127.652173913	127.666666667	136.75	130.529411765	142.0	124.0	134.0
alpha_rarefaction_491_7.txt	491	7	121.368421053	182.666666667	130.461538462	146.454545455	133.0	143.0	111.5	153.625	160.047619048	128.666666667	159.0	152.0	117.193548387	143.25	134.789473684	130.535714286	141.0	141.217391304	133.857142857	136.526315789	137.576923077	122.4	127.555555556	124.884615385	166.4375	120.0625	149.076923077
alpha_rarefaction_491_8.txt	491	8	112.625	127.136363636	135.333333333	142.0	134.052631579	130.894736842	111.434782609	143.038461538	144.869565217	140.75	147.217391304	131.1875	147.3125	163.115384615	139.588235294	152.652173913	134.1875	178.066666667	145.071428571	155.84	124.538461538	132.75	150.454545455	132.833333333	194.769230769	168.0	144.352941176
alpha_rarefaction_491_9.txt	491	9	106.5	121.105263158	126.565217391	144.8	124.8	148.315789474	106.315789474	139.05	155.055555556	106.882352941	113.724137931	148.090909091	133.636363636	161.652173913	128.375	129.772727273	151.0	123.217391304	156.44	128.884615385	142.0	130.142857143	197.3	138.2	124.142857143	100.214285714	157.076923077
alpha_rarefaction_972_0.txt	972	0	134.588235294	136.0	125.652173913	157.391304348	158.0625	140.75	112.772727273	131.666666667	151.0	138.625	136.5	130.0	152.344827586	146.0	141.666666667	143.666666667	160.75	144.105263158	150.25	141.0	144.636363636	184.833333333	152.25	140.545454545	134.047619048	111.8	158.045454545
alpha_rarefaction_972_1.txt	972	1	147.375	157.166666667	129.352941176	152.37037037	136.0	131.181818182	141.25	154.75	142.5	145.117647059	140.055555556	145.2	153.0	155.541666667	147.55	144.636363636	158.15	146.222222222	149.037037037	141.714285714	139.833333333	140.783783784	142.5	140.285714286	143.454545455	115.5	138.0
alpha_rarefaction_972_2.txt	972	2	146.235294118	145.344827586	126.0	144.75	129.75	141.884615385	107.555555556	150.882352941	150.037037037	145.24	133.142857143	185.0	141.117647059	145.875	142.052631579	137.555555556	148.75	147.588235294	143.5	137.4	146.0	143.103448276	146.666666667	146.130434783	145.428571429	124.0	144.666666667
alpha_rarefaction_972_3.txt	972	3	133.4375	150.652173913	131.352941176	141.607142857	142.130434783	155.368421053	131.714285714	154.0	142.352941176	144.0	137.588235294	152.153846154	137.0	145.125	152.0	140.55	128.130434783	139.636363636	149.714285714	170.0	161.1875	131.785714286	139.647058824	152.6	143.3	111.315789474	145.260869565
alpha_rarefaction_972_4.txt	972	4	136.333333333	147.5	135.866666667	148.730769231	136.375	143.833333333	125.25	147.25	139.285714286	133.545454545	133.333333333	155.2	150.136363636	160.647058824	153.0	151.5	138.2	156.214285714	155.0	136.12	149.25	145.9	152.375	148.0	147.4	111.588235294	143.625
alpha_rarefaction_972_5.txt	972	5	139.5	145.0	146.2	149.103448276	126.65	142.785714286	119.047619048	140.55	144.785714286	161.0	164.05	122.5	149.894736842	158.4	147.4	144.545454545	125.043478261	151.25	151.772727273	150.375	149.75	141.04	151.588235294	156.6	163.0	127.0	157.714285714
alpha_rarefaction_972_6.txt	972	6	154.214285714	166.333333333	130.235294118	140.260869565	146.75	143.043478261	133.076923077	165.473684211	147.055555556	140.0	142.333333333	124.526315789	142.625	156.25	171.214285714	168.714285714	126.037037037	138.0	156.368421053	149.217391304	149.714285714	136.857142857	150.217391304	143.322580645	140.476190476	103.352941176	171.375
alpha_rarefaction_972_7.txt	972	7	136.428571429	143.476190476	145.588235294	146.24	142.0	141.0	117.55	146.5	133.526315789	136.526315789	145.625	124.157894737	152.352941176	147.55	154.0	155.714285714	131.9	162.166666667	156.8	139.5	141.833333333	141.12	151.4	132.260869565	139.043478261	116.071428571	165.615384615
alpha_rarefaction_972_8.txt	972	8	132.545454545	147.0	156.0625	149.206896552	153.045454545	146.882352941	123.882352941	156.5	143.434782609	186.545454545	147.55	147.176470588	142.12	148.315789474	154.24	155.714285714	135.894736842	167.142857143	148.04	152.076923077	136.6	146.866666667	154.166666667	149.260869565	141.607142857	125.909090909	164.157894737
alpha_rarefaction_972_9.txt	972	9	156.352941176	147.5	147.0	153.714285714	142.0	140.8125	112.153846154	164.619047619	143.75	137.545454545	142.541666667	155.333333333	152.303030303	159.454545455	154.0	144.043478261	135.034482759	150.0	151.9	151.3	145.285714286	135.730769231	136.730769231	146.260869565	151.555555556	149.5	136.142857143
alpha_rarefaction_1453_0.txt	1453	0	166.461538462	138.714285714	132.55	149.666666667	160.894736842	153.0	125.058823529	157.0	150.352941176	154.875	146.769230769	146.0	160.666666667	142.882352941	148.0	161.272727273	164.75	165.5	153.75	155.083333333	152.5	157.4	147.5625	151.65	138.714285714	122.65	154.0
alpha_rarefaction_1453_1.txt	1453	1	157.071428571	145.375	133.75	150.666666667	143.476190476	141.55	135.25	157.235294118	149.055555556	155.105263158	156.25	136.666666667	136.956521739	157.25	146.772727273	160.588235294	145.0	152.5	165.117647059	146.142857143	147.0	148.4	150.55	150.130434783	166.0	124.882352941	147.615384615
alpha_rarefaction_1453_2.txt	1453	2	152.235294118	163.772727273	158.083333333	150.043478261	158.555555556	144.076923077	136.333333333	159.882352941	163.0	148.5	160.0	136.043478261	144.0	154.5	152.2	148.833333333	173.0	151.043478261	162.647058824	145.625	158.0	149.130434783	149.55	148.076923077	144.434782609	146.25	155.0
alpha_rarefaction_1453_3.txt	1453	3	142.352941176	154.043478261	152.076923077	155.666666667	151.8	145.058823529	123.772727273	157.769230769	146.0	154.647058824	138.0	138.714285714	155.333333333	148.105263158	149.142857143	143.894736842	142.777777778	146.107142857	159.0	143.0	148.230769231	145.714285714	144.454545455	142.666666667	150.833333333	124.6	161.9
alpha_rarefaction_1453_4.txt	1453	4	144.4	149.5	147.235294118	154.333333333	160.625	147.928571429	131.0	144.55	145.545454545	141.214285714	159.55	147.375	148.052631579	155.5625	159.75	150.5	139.833333333	152.0	160.882352941	163.071428571	172.230769231	146.454545455	156.8125	162.4	147.315789474	138.076923077	153.884615385
alpha_rarefaction_1453_5.txt	1453	5	140.875	150.052631579	138.260869565	155.882352941	158.3	144.928571429	132.0	153.5	152.8	145.588235294	148.214285714	139.647058824	146.0	155.5	148.0	150.375	146.454545455	150.615384615	158.65	150.315789474	148.0	148.666666667	152.545454545	156.882352941	149.157894737	147.461538462	141.636363636
alpha_rarefaction_1453_6.txt	1453	6	160.25	158.0	148.315789474	156.789473684	152.434782609	143.5	127.928571429	147.4	146.588235294	153.052631579	159.866666667	160.333333333	144.0	157.714285714	156.5	156.55	145.894736842	168.588235294	157.916666667	146.434782609	145.0	157.0	148.769230769	163.235294118	145.555555556	146.0	142.954545455
alpha_rarefaction_1453_7.txt	1453	7	151.772727273	178.461538462	148.071428571	159.454545455	142.55	147.55	136.545454545	160.875	145.8125	154.473684211	144.6875	140.105263158	163.75	157.0	170.3	164.647058824	128.615384615	155.0	156.24137931	148.0	149.25	145.0	150.0	162.625	144.545454545	131.5	152.0
alpha_rarefaction_1453_8.txt	1453	8	154.428571429	155.833333333	146.789473684	143.55	141.260869565	148.5	128.230769231	150.55	152.666666667	157.75	146.65	142.0	159.04	156.058823529	139.5	160.65	150.235294118	156.714285714	150.176470588	147.0	150.555555556	141.333333333	161.5	155.0	153.75	125.047619048	152.157894737
alpha_rarefaction_1453_9.txt	1453	9	143.555555556	149.954545455	143.0	152.666666667	145.833333333	160.714285714	131.55	142.9	161.1	147.0	140.315789474	143.105263158	143.8	173.0	163.230769231	148.5	155.142857143	147.5	149.0	143.181818182	141.772727273	157.04	153.666666667	148.8	148.055555556	137.0	156.0
alpha_rarefaction_1934_0.txt	1934	0	148.5	155.052631579	148.4	152.058823529	156.461538462	149.545454545	127.315789474	150.0	158.0	167.272727273	158.153846154	144.5	146.956521739	158.142857143	152.333333333	160.230769231	136.545454545	162.882352941	163.0	155.55	150.333333333	150.461538462	166.526315789	154.0	151.142857143	140.714285714	160.75
alpha_rarefaction_1934_1.txt	1934	1	151.55	152.473684211	150.153846154	151.5	154.4375	157.333333333	126.066666667	149.0	160.0	158.315789474	158.125	147.5	148.583333333	149.117647059	151.5	148.714285714	151.052631579	155.4	160.176470588	152.5	148.090909091	151.928571429	160.0	154.058823529	151.066666667	148.352941176	161.65
alpha_rarefaction_1934_2.txt	1934	2	145.052631579	156.4	148.0	157.55	152.833333333	156.058823529	154.0	163.545454545	154.0	152.652173913	152.769230769	148.526315789	155.0	155.75	152.0	154.090909091	144.5	156.058823529	153.272727273	154.0	147.928571429	154.4	160.5	172.090909091	147.0	137.473684211	155.555555556
alpha_rarefaction_1934_3.txt	1934	3	147.5	147.894736842	141.0	154.6	149.052631579	143.5	149.071428571	156.8	156.583333333	168.625	153.2	140.0	145.954545455	162.272727273	150.666666667	151.928571429	166.375	149.052631579	153.5	157.176470588	151.352941176	146.928571429	156.5	163.153846154	147.714285714	147.714285714	165.647058824
alpha_rarefaction_1934_4.txt	1934	4	142.5625	155.230769231	147.272727273	161.333333333	144.315789474	148.125	128.8	153.5	158.583333333	151.2	151.363636364	166.230769231	163.157894737	155.5	169.333333333	155.272727273	151.25	150.5625	149.8125	146.111111111	154.0	153.0	156.5	159.555555556	148.545454545	127.307692308	156.772727273
alpha_rarefaction_1934_5.txt	1934	5	167.545454545	151.956521739	144.5	154.476190476	151.217391304	150.0	139.0	151.125	152.666666667	146.066666667	150.571428571	141.153846154	144.352941176	168.6	152.0	152.0	163.230769231	151.2	153.391304348	150.666666667	146.5	145.588235294	155.2	155.6875	149.5	132.588235294	152.65
alpha_rarefaction_1934_6.txt	1934	6	150.352941176	158.0	139.272727273	145.058823529	146.8	147.8	129.5	161.058823529	151.0	143.058823529	157.833333333	149.538461538	154.0	158.75	146.142857143	157.75	144.5	149.5	151.882352941	153.157894737	152.5	149.55	146.105263158	151.55	148.454545455	147.0	165.647058824
alpha_rarefaction_1934_7.txt	1934	7	144.052631579	152.5	163.0	154.954545455	146.058823529	151.5625	129.058823529	156.555555556	148.214285714	149.5	145.5	154.0	156.875	155.6875	145.882352941	171.0	145.0	155.0	153.55	151.058823529	165.545454545	151.0	150.461538462	155.157894737	146.0	116.055555556	161.0
alpha_rarefaction_1934_8.txt	1934	8	156.111111111	158.555555556	170.076923077	150.666666667	156.0	147.789473684	132.157894737	161.6875	158.571428571	164.9375	144.75	137.666666667	162.769230769	150.0	156.333333333	157.909090909	158.368421053	154.066666667	162.0	153.909090909	151.058823529	145.5	167.75	159.333333333	147.666666667	125.4375	157.5
alpha_rarefaction_1934_9.txt	1934	9	158.461538462	152.55	141.058823529	148.230769231	162.235294118	142.153846154	123.2	160.0	160.75	145.789473684	156.545454545	158.625	144.6875	159.5	149.882352941	154.230769231	144.285714286	161.666666667	154.333333333	166.866666667	146.0	161.588235294	163.5	158.0	151.5	140.666666667	162.8
alpha_rarefaction_2415_0.txt	2415	0	146.6875	158.058823529	145.526315789	154.2	162.272727273	152.090909091	128.714285714	156.25	149.5	149.833333333	149.875	141.571428571	153.5	155.75	156.75	154.5	147.461538462	145.894736842	159.666666667	147.5	160.909090909	153.5	162.25	155.928571429	167.090909091	150.6	157.176470588
alpha_rarefaction_2415_1.txt	2415	1	144.076923077	158.0	153.0	166.1	148.5	157.076923077	130.0	151.4	159.666666667	158.2	150.875	143.545454545	151.0	163.666666667	165.125	155.428571429	156.882352941	156.5625	154.571428571	153.076923077	158.5	152.588235294	158.5	159.0	157.0	146.214285714	153.5
alpha_rarefaction_2415_2.txt	2415	2	155.909090909	154.076923077	148.157894737	150.666666667	156.2	149.461538462	131.588235294	153.076923077	156.1	151.5	158.909090909	141.913043478	150.105263158	159.461538462	154.714285714	162.5	152.2	146.4	153.571428571	160.058823529	158.111111111	148.4375	153.066666667	152.12	151.583333333	129.2	160.333333333
alpha_rarefaction_2415_3.txt	2415	3	146.0	153.647058824	142.571428571	151.142857143	147.583333333	152.0	148.75	153.75	155.5	151.588235294	157.666666667	162.090909091	152.6875	162.076923077	177.5	152.8	149.5	159.066666667	159.714285714	161.875	155.4	145.9375	148.230769231	155.230769231	186.428571429	135.5	147.0
alpha_rarefaction_2415_4.txt	2415	4	140.105263158	161.333333333	149.0	152.0	162.8	149.214285714	149.090909091	151.75	155.0	151.076923077	155.875	135.607142857	153.125	151.909090909	157.090909091	156.0	150.5	154.5	158.352941176	161.2	154.571428571	155.0	163.3	159.076923077	153.5	150.0	155.375
alpha_rarefaction_2415_5.txt	2415	5	150.2	150.8125	141.5	156.352941176	151.5625	160.909090909	137.571428571	169.1	147.909090909	150.5	153.909090909	148.875	155.666666667	162.428571429	160.461538462	161.666666667	146.25	154.545454545	157.090909091	159.769230769	163.333333333	150.333333333	154.545454545	154.0	169.0	129.461538462	156.058823529
alpha_rarefaction_2415_6.txt	2415	6	147.526315789	158.111111111	150.066666667	152.0	146.5	150.5	141.111111111	164.0	152.090909091	167.090909091	169.0	159.75	156.555555556	157.666666667	152.111111111	158.0	143.25	152.333333333	158.105263158	161.75	151.928571429	147.0	153.571428571	158.076923077	149.272727273	129.461538462	163.047619048
alpha_rarefaction_2415_7.txt	2415	7	157.0	154.25	168.0	162.363636364	145.5625	149.571428571	137.333333333	149.25	156.272727273	161.4	148.5	149.65	154.230769231	155.75	146.545454545	157.214285714	154.0	158.5625	160.555555556	152.8	155.214285714	153.75	152.0	148.0	147.0	133.666666667	165.125
alpha_rarefaction_2415_8.txt	2415	8	148.105263158	156.391304348	145.25	168.615384615	151.588235294	153.142857143	140.461538462	161.5	153.583333333	153.461538462	149.333333333	142.6875	154.235294118	156.461538462	144.5	156.368421053	151.0	154.333333333	156.125	159.75	158.1	158.176470588	156.5	151.0	148.0	143.769230769	169.769230769
alpha_rarefaction_2415_9.txt	2415	9	145.076923077	168.588235294	141.894736842	153.1	152.333333333	145.0	168.5	152.583333333	154.090909091	149.5625	162.2	162.0	151.882352941	160.6	144.4	153.5	146.0	157.333333333	154.0	154.176470588	152.090909091	158.769230769	147.105263158	156.5	161.25	133.066666667	157.5
alpha_rarefaction_2896_0.txt	2896	0	156.0	159.583333333	146.352941176	158.583333333	156.6875	149.5	129.928571429	156.5	152.272727273	152.0	148.875	154.5	162.142857143	154.833333333	157.8	159.0	149.5625	159.333333333	156.0	147.214285714	161.166666667	155.0	155.0	156.583333333	158.272727273	138.2	162.571428571
alpha_rarefaction_2896_1.txt	2896	1	147.5	147.666666667	154.058823529	150.461538462	154.2	155.857142857	163.090909091	164.5	154.363636364	158.5625	156.176470588	154.090909091	154.4	156.0	155.090909091	151.625	146.875	152.0	156.153846154	151.090909091	156.0	145.1	159.076923077	155.125	158.157894737	145.0	158.0
alpha_rarefaction_2896_2.txt	2896	2	150.666666667	152.928571429	155.0	158.0	152.75	150.272727273	145.461538462	159.0	151.333333333	158.230769231	154.875	148.157894737	166.5	156.111111111	152.461538462	156.5	151.1	154.5	153.4	151.928571429	154.1	157.8	148.333333333	153.0	159.5625	128.055555556	156.055555556
alpha_rarefaction_2896_3.txt	2896	3	147.928571429	166.333333333	148.2	152.0	157.2	148.75	136.076923077	168.0	152.714285714	157.1	163.461538462	152.875	156.666666667	157.153846154	153.0	152.4	149.5	158.125	156.8	160.058823529	157.0	156.4	152.272727273	153.0	148.571428571	137.55	161.333333333
alpha_rarefaction_2896_4.txt	2896	4	146.5	158.076923077	151.555555556	158.125	150.230769231	150.428571429	140.076923077	157.0	157.0	153.25	149.6	157.333333333	156.5	157.75	151.571428571	154.272727273	160.214285714	158.333333333	161.111111111	150.5	153.0	158.0	148.0	154.0	163.909090909	152.428571429	160.2
alpha_rarefaction_2896_5.txt	2896	5	153.0	165.909090909	163.25	148.647058824	159.058823529	152.769230769	142.75	162.375	151.1	155.5	147.117647059	161.076923077	155.333333333	155.25	161.8	157.571428571	150.315789474	161.5	161.6	155.6875	162.111111111	158.8	153.928571429	157.5	151.055555556	135.5625	157.4
alpha_rarefaction_2896_6.txt	2896	6	155.0	154.090909091	152.0	157.5	156.055555556	163.0	144.769230769	155.0	158.5	150.875	151.0	151.260869565	154.714285714	153.125	159.272727273	160.875	156.909090909	156.0	160.894736842	160.363636364	160.6	150.75	167.0	149.166666667	161.0	138.75	166.461538462
alpha_rarefaction_2896_7.txt	2896	7	154.0	155.055555556	139.8125	153.571428571	178.0	151.105263158	141.0	152.666666667	161.4	143.571428571	153.666666667	166.111111111	154.0	155.428571429	152.4	149.875	153.066666667	158.545454545	158.714285714	148.615384615	157.571428571	153.230769231	150.615384615	150.153846154	163.0	132.0	156.125
alpha_rarefaction_2896_8.txt	2896	8	157.6875	157.5625	154.909090909	169.0	155.333333333	158.333333333	138.230769231	156.272727273	159.5	158.272727273	151.75	141.0	155.928571429	155.142857143	159.333333333	153.363636364	150.176470588	158.75	159.5	157.090909091	151.3125	157.428571429	151.6	154.75	147.090909091	127.391304348	151.8125
alpha_rarefaction_2896_9.txt	2896	9	167.25	157.5	155.913043478	158.076923077	153.2	149.111111111	136.352941176	150.5	160.666666667	152.583333333	164.909090909	145.285714286	156.352941176	162.0	157.6	161.5	158.833333333	151.769230769	158.333333333	171.125	162.545454545	156.666666667	155.125	159.75	154.5	143.0	152.666666667
alpha_rarefaction_3377_0.txt	3377	0	151.4	157.714285714	150.583333333	153.5	166.909090909	147.0	146.230769231	154.75	164.25	150.545454545	156.583333333	141.588235294	158.583333333	159.5	153.875	162.625	154.333333333	151.9375	160.0	156.583333333	156.153846154	145.272727273	154.461538462	163.111111111	151.625	142.666666667	159.666666667
alpha_rarefaction_3377_1.txt	3377	1	159.0	156.0	152.5	151.875	157.571428571	159.583333333	145.333333333	153.666666667	154.25	153.461538462	146.909090909	154.214285714	152.833333333	161.6	163.666666667	157.111111111	150.714285714	155.571428571	163.076923077	154.583333333	150.363636364	150.1	149.5	155.461538462	159.5	162.083333333	160.125
alpha_rarefaction_3377_2.txt	3377	2	154.75	151.071428571	159.5	156.090909091	152.045454545	151.75	140.375	170.166666667	160.875	172.125	157.8	159.5	157.0	156.666666667	158.625	158.769230769	156.176470588	162.75	158.0	158.0	157.857142857	159.25	152.8	162.857142857	149.545454545	142.0	172.545454545
alpha_rarefaction_3377_3.txt	3377	3	151.714285714	160.076923077	170.666666667	153.214285714	158.571428571	154.0	132.625	157.6	156.625	150.090909091	163.666666667	150.5625	166.0	159.0	163.1	157.111111111	163.6	153.5	156.833333333	157.857142857	156.647058824	163.272727273	151.909090909	159.583333333	151.5	148.0	163.583333333
alpha_rarefaction_3377_4.txt	3377	4	156.5625	152.882352941	150.583333333	160.6	154.588235294	153.875	135.4375	158.461538462	154.714285714	151.928571429	153.866666667	153.052631579	164.5	156.25	153.0	157.75	152.875	158.8	155.8	155.769230769	156.1	156.090909091	156.0	159.0	150.625	143.153846154	158.928571429
alpha_rarefaction_3377_5.txt	3377	5	180.2	156.583333333	152.5	156.214285714	156.230769231	158.857142857	143.333333333	156.111111111	160.0	150.571428571	153.214285714	150.058823529	153.615384615	156.769230769	161.5	160.090909091	154.076923077	155.625	154.272727273	154.0	161.333333333	154.5	152.461538462	157.0	151.583333333	152.0	157.214285714
alpha_rarefaction_3377_6.txt	3377	6	164.0	154.111111111	146.117647059	156.571428571	152.75	153.117647059	165.2	151.875	158.111111111	159.0	160.545454545	157.3	154.769230769	155.375	156.333333333	156.625	152.2	156.928571429	152.142857143	147.909090909	160.4	156.0	156.214285714	154.4	150.769230769	140.928571429	161.272727273
alpha_rarefaction_3377_7.txt	3377	7	147.117647059	158.230769231	147.666666667	156.461538462	160.583333333	147.545454545	135.75	164.75	158.857142857	155.0	154.368421053	153.875	156.4375	157.5	156.111111111	161.111111111	156.352941176	161.375	159.75	150.75	156.0	147.909090909	161.111111111	156.647058824	157.666666667	146.0	162.714285714
alpha_rarefaction_3377_8.txt	3377	8	148.583333333	154.0	145.5	152.461538462	156.928571429	154.272727273	144.0	156.5	158.272727273	159.583333333	155.461538462	148.0	158.583333333	155.909090909	166.142857143	153.769230769	150.25	155.461538462	159.4	159.0	159.75	163.375	155.5	158.333333333	153.9	150.333333333	159.0
alpha_rarefaction_3377_9.txt	3377	9	151.75	152.333333333	154.333333333	155.6	173.1	150.25	137.230769231	158.214285714	151.833333333	170.0	151.833333333	150.5	155.214285714	156.0	155.625	161.625	154.055555556	157.090909091	160.1	152.75	156.0	150.714285714	153.5	156.588235294	157.066666667	146.875	160.875
alpha_rarefaction_3858_0.txt	3858	0	155.0	151.111111111	148.272727273	157.272727273	157.8125	158.0	144.0	156.666666667	159.111111111	153.0	157.5	144.928571429	159.230769231	159.0	159.0	160.428571429	155.666666667	154.5	155.6	160.857142857	156.0	152.666666667	150.545454545	152.909090909	158.6	162.090909091	164.0
alpha_rarefaction_3858_1.txt	3858	1	158.5	158.0	141.375	155.111111111	157.647058824	151.625	144.166666667	155.666666667	162.625	163.25	155.230769231	154.5625	171.5	157.857142857	153.666666667	161.5	157.0	165.0	155.666666667	161.111111111	153.5	153.5	158.5	154.333333333	160.142857143	149.058823529	157.05
alpha_rarefaction_3858_2.txt	3858	2	159.0	151.6	154.6875	158.111111111	153.117647059	152.875	141.583333333	158.0	153.0	155.4	158.166666667	157.166666667	157.214285714	156.375	153.3	154.111111111	153.5	158.875	157.5	158.0	156.333333333	153.857142857	152.909090909	162.5	151.333333333	160.666666667	158.647058824
alpha_rarefaction_3858_3.txt	3858	3	158.0	157.153846154	147.928571429	154.0	152.3	152.833333333	135.0	157.8	164.857142857	154.647058824	160.25	166.083333333	157.571428571	156.2	167.0	155.666666667	155.333333333	152.75	157.3	152.352941176	155.545454545	153.111111111	154.75	157.0	157.583333333	145.25	159.4
alpha_rarefaction_3858_4.txt	3858	4	160.545454545	154.75	153.0	157.142857143	155.111111111	152.333333333	136.461538462	155.875	154.461538462	154.25	153.6	148.5	157.0	159.5	156.3125	162.6	148.272727273	160.875	167.0	154.0	157.111111111	153.333333333	157.5	155.333333333	154.214285714	141.0	162.5
alpha_rarefaction_3858_5.txt	3858	5	149.5	156.0	150.875	160.111111111	159.583333333	153.625	147.714285714	161.0	157.5	155.928571429	156.647058824	156.052631579	159.0	160.142857143	152.25	172.5	152.5	153.0	163.142857143	151.111111111	161.5	162.0	153.909090909	155.666666667	156.076923077	146.666666667	162.882352941
alpha_rarefaction_3858_6.txt	3858	6	156.375	158.857142857	155.176470588	158.0	159.8	158.625	139.230769231	157.625	152.3	146.111111111	154.153846154	144.4	159.0	158.909090909	176.0	154.75	152.714285714	150.272727273	158.6	153.875	157.8	154.2	158.0	158.111111111	157.5	139.0	158.25
alpha_rarefaction_3858_7.txt	3858	7	151.5	160.090909091	157.0	154.4	161.2	149.1	146.076923077	156.3	152.333333333	151.583333333	157.647058824	147.176470588	160.5	156.666666667	161.090909091	156.666666667	166.111111111	154.545454545	162.0	155.583333333	155.363636364	153.111111111	161.666666667	158.6	153.8125	154.461538462	162.0
alpha_rarefaction_3858_8.txt	3858	8	155.0	161.625	168.125	151.142857143	150.615384615	155.142857143	177.5	156.5	159.0	157.5	152.8	147.5	154.5	156.5	161.111111111	155.909090909	152.928571429	158.875	159.625	159.6	160.0	162.428571429	159.857142857	157.5	166.2	154.428571429	159.25
alpha_rarefaction_3858_9.txt	3858	9	158.8	154.625	150.583333333	158.333333333	154.0	154.153846154	143.5	156.1	157.769230769	155.153846154	173.428571429	154.909090909	160.0	155.333333333	156.545454545	162.666666667	150.583333333	164.75	155.125	162.75	153.0	161.0	156.583333333	155.882352941	156.0	157.461538462	163.571428571
alpha_rarefaction_4339_0.txt	4339	0	150.545454545	157.8	153.5	162.230769231	165.1	150.0	138.75	155.272727273	158.625	155.111111111	160.8	149.928571429	160.625	161.0	159.625	157.666666667	151.545454545	163.857142857	158.428571429	163.5	158.333333333	163.333333333	154.666666667	160.111111111	166.5	140.0	160.769230769
alpha_rarefaction_4339_1.txt	4339	1	155.055555556	152.25	156.5	165.428571429	157.75	152.5	136.75	160.666666667	158.0	167.0	154.142857143	164.125	157.5	159.142857143	155.111111111	160.333333333	149.555555556	160.272727273	156.375	157.75	156.6	153.545454545	152.909090909	162.0	153.769230769	154.1	163.583333333
alpha_rarefaction_4339_2.txt	4339	2	148.153846154	157.625	150.875	155.25	159.5	165.0	143.75	157.0	157.25	152.9375	157.769230769	156.5625	158.545454545	159.0	154.666666667	159.0	154.0	154.0	157.142857143	156.625	156.25	157.625	153.363636364	157.75	157.0	151.0	158.4
alpha_rarefaction_4339_3.txt	4339	3	154.090909091	154.25	159.666666667	158.272727273	160.5	152.875	142.4	158.0	154.142857143	152.0	162.25	143.647058824	155.875	156.857142857	156.0	159.5	161.1	161.0	157.375	162.5	155.666666667	161.875	154.666666667	158.909090909	157.0	150.0	161.4
alpha_rarefaction_4339_4.txt	4339	4	155.235294118	159.0	150.117647059	154.111111111	168.0	154.230769231	159.375	166.166666667	159.0	156.0	156.75	151.176470588	153.363636364	163.6	161.6	154.6	157.5	159.0	155.0	156.235294118	156.375	157.2	152.6	153.5	159.428571429	133.928571429	159.235294118
alpha_rarefaction_4339_5.txt	4339	5	156.909090909	157.625	161.545454545	158.333333333	160.0	148.0	152.333333333	161.5	158.5	159.583333333	156.461538462	152.066666667	156.666666667	158.3	158.8	157.0	155.2	154.25	158.375	158.333333333	158.0	153.666666667	157.6	161.142857143	164.25	143.5	161.571428571
alpha_rarefaction_4339_6.txt	4339	6	151.333333333	160.666666667	151.5	156.333333333	160.5	153.875	132.5	153.666666667	158.75	155.153846154	153.714285714	154.0	158.333333333	158.666666667	160.272727273	157.5	163.166666667	156.545454545	158.5	161.333333333	158.5	158.0	153.625	163.0	159.5	147.0	159.5
alpha_rarefaction_4339_7.txt	4339	7	149.272727273	155.857142857	164.3	156.071428571	161.230769231	153.666666667	149.666666667	155.857142857	155.909090909	155.461538462	151.833333333	146.666666667	152.6	159.428571429	156.25	155.857142857	169.166666667	157.230769231	156.666666667	159.875	157.0	157.5	153.1	161.428571429	158.0	142.909090909	160.571428571
alpha_rarefaction_4339_8.txt	4339	8	162.111111111	156.428571429	155.1	157.1	169.0	153.428571429	152.333333333	165.428571429	160.0	153.5	148.5	150.8125	160.111111111	155.666666667	155.25	155.5	161.0	165.0	157.0	155.545454545	155.272727273	155.875	155.0	155.833333333	168.125	145.076923077	161.4
alpha_rarefaction_4339_9.txt	4339	9	159.0	153.833333333	150.214285714	156.0	158.625	159.875	151.111111111	160.5	160.5	159.076923077	150.666666667	159.230769231	153.666666667	160.111111111	160.6	154.5	155.090909091	158.75	157.230769231	157.625	156.8	162.857142857	154.428571429	162.5	159.5	157.25	158.866666667
alpha_rarefaction_4820_0.txt	4820	0	156.25	160.111111111	157.0	151.111111111	154.3	154.142857143	149.230769231	155.166666667	155.142857143	158.0	157.0	153.666666667	154.461538462	159.2	158.625	155.333333333	161.333333333	158.333333333	159.857142857	157.909090909	159.5	158.666666667	154.0	158.111111111	159.0	147.0	160.5
alpha_rarefaction_4820_1.txt	4820	1	150.75	157.75	155.875	154.333333333	160.6	154.8	149.666666667	157.875	160.0	150.428571429	161.0	163.75	159.0	156.0	158.8	154.428571429	156.0	151.5	160.428571429	158.0	159.5	171.6	159.2	154.090909091	155.5	148.214285714	160.5
alpha_rarefaction_4820_2.txt	4820	2	166.333333333	156.3	151.583333333	161.428571429	156.769230769	155.363636364	146.0	157.666666667	157.666666667	152.75	162.333333333	155.0	155.333333333	157.142857143	156.0	159.142857143	153.4	156.75	160.5	161.2	155.25	156.142857143	156.5	158.142857143	154.545454545	168.875	160.5
alpha_rarefaction_4820_3.txt	4820	3	164.666666667	158.0	156.0	155.909090909	156.0	154.5	137.769230769	164.333333333	158.625	159.0	162.25	154.5	157.333333333	157.166666667	155.333333333	157.75	152.8	156.0	159.111111111	159.4	156.5	155.909090909	155.666666667	156.111111111	150.714285714	150.75	160.5
alpha_rarefaction_4820_4.txt	4820	4	153.769230769	152.75	166.142857143	158.0	155.153846154	157.0	147.583333333	156.3	155.230769231	158.0	159.0	160.0	155.625	157.5	154.5	155.0	150.6	159.0	160.0	156.909090909	160.333333333	163.857142857	161.2	154.0	159.875	148.461538462	160.5
alpha_rarefaction_4820_5.txt	4820	5	157.0	158.2	155.583333333	157.333333333	154.4	152.833333333	150.0	161.5	157.875	159.333333333	163.166666667	145.75	158.0	158.142857143	153.3	162.6	160.857142857	154.1	160.0	157.909090909	159.625	152.545454545	159.0	155.666666667	155.625	150.5625	160.5
alpha_rarefaction_4820_6.txt	4820	6	160.5	168.0	157.571428571	157.625	158.153846154	152.857142857	149.545454545	159.5	155.272727273	159.625	158.75	165.111111111	161.0	158.0	160.0	159.5	154.333333333	157.0	157.5	161.0	154.3	157.111111111	151.3	156.857142857	155.6	147.5	160.5
alpha_rarefaction_4820_7.txt	4820	7	162.166666667	163.0	160.166666667	155.875	158.0	150.857142857	153.6	155.2	158.875	158.0	154.363636364	150.571428571	156.428571429	157.166666667	166.0	165.0	151.75	153.25	159.25	156.1	160.625	150.428571429	162.0	156.666666667	157.0	156.125	160.5
alpha_rarefaction_4820_8.txt	4820	8	150.666666667	156.142857143	151.75	157.5	154.833333333	154.909090909	143.0	161.142857143	161.625	158.0	159.0	149.4375	153.75	159.666666667	156.5	158.0	161.5	158.090909091	156.3	162.428571429	157.666666667	158.142857143	154.0	160.142857143	152.363636364	144.909090909	160.5
alpha_rarefaction_4820_9.txt	4820	9	154.5	158.5	151.461538462	160.142857143	157.769230769	156.333333333	147.230769231	160.666666667	154.25	161.111111111	154.833333333	154.2	154.0	161.0	159.666666667	156.0	153.625	159.111111111	158.428571429	156.8	158.461538462	163.25	154.333333333	156.142857143	169.6	147.461538462	160.5