	sequences per sample	iteration	515rcbc21	515rcbc17	515rcbc34	515rcbc33	515rcbc31	515rcbc15	515rcbc26	515rcbc22	515rcbc37	515rcbc24	515rcbc18	515rcbc35	515rcbc11	515rcbc27	515rcbc13	515rcbc23	515rcbc32	515rcbc16	515rcbc19	515rcbc9	515rcbc29	515rcbc14	515rcbc10	515rcbc28	515rcbc8	515rcbc25	515rcbc36
alpha_rarefaction_10_0.txt	10	0	2.77084	3.02186	2.45192	2.52479	2.6268	2.94419	2.51053	2.91483	2.48576	2.42883	2.65211	3.43802	2.29157	2.64961	2.73051	2.76807	2.75879	3.23747	2.91649	2.61193	3.08763	2.77363	2.97118	2.32273	2.52587	2.03405	1.65744
alpha_rarefaction_10_1.txt	10	1	2.72695	2.25278	2.86309	2.55597	1.89835	2.28691	3.29021	1.64772	2.4218	2.12808	2.65722	3.18022	2.92845	2.19371	2.87662	2.89373	1.78376	2.12483	2.80723	2.48488	2.45953	1.9514	2.28629	2.41773	2.86153	1.41992	3.37026
alpha_rarefaction_10_2.txt	10	2	2.769	2.87915	2.24049	2.81717	2.84054	2.54578	2.25719	2.11712	3.10471	3.10908	2.85361	2.02471	2.52904	2.43687	3.37341	3.06186	1.34185	3.49934	3.05287	2.98301	3.21366	2.70784	2.75804	2.99957	2.06795	1.99563	2.65193
alpha_rarefaction_10_3.txt	10	3	3.22173	2.74502	2.76745	2.58468	1.98763	3.02949	2.9112	2.23169	2.79317	2.71274	2.40087	2.80355	2.29547	3.15322	2.70544	2.86396	2.67782	2.22249	2.79239	2.8852	3.50861	2.85641	3.18886	2.02796	2.38372	2.65852	2.7687
alpha_rarefaction_10_4.txt	10	4	1.92497	3.78029	2.59582	2.69701	2.44404	3.03644	2.85875	3.16644	2.28215	2.18731	2.22605	1.90161	2.77298	2.56936	2.61969	2.93685	2.08083	1.9243	1.95102	2.60244	2.5624	2.63311	3.35129	2.82353	3.05537	1.95342	2.35562
alpha_rarefaction_10_5.txt	10	5	2.16822	3.33268	3.10115	1.75208	2.25344	3.25621	3.00335	2.6127	2.89042	2.87471	3.5268	2.53701	1.98929	3.16379	2.62434	2.55712	2.43539	2.8096	3.14863	2.28307	3.14687	2.53214	3.28806	3.25003	1.82692	2.6635	2.47218
alpha_rarefaction_10_6.txt	10	6	2.53208	2.51609	1.75728	1.90992	2.89841	3.32052	2.88609	3.15353	2.504	3.16974	2.87545	2.71677	2.70976	2.74974	2.36472	2.98625	2.41318	2.36463	3.52294	2.86011	2.84607	2.63824	3.25974	2.21926	2.00828	2.67691	2.12113
alpha_rarefaction_10_7.txt	10	7	2.9416	2.26886	3.35559	1.9389	2.78696	2.43788	2.72764	2.8721	2.14556	2.98996	3.24708	3.18995	2.70774	2.35379	2.16759	3.46517	3.87908	2.12186	3.63242	3.19278	2.46655	2.93014	2.5089	2.40686	3.03551	1.87228	2.11214
alpha_rarefaction_10_8.txt	10	8	2.44946	2.67726	3.07836	3.11123	3.06075	2.46656	2.49565	2.22912	3.13884	2.50559	3.21742	2.36409	2.40585	2.43325	3.60607	3.39209	2.59686	1.98745	2.61463	2.90319	2.71265	1.93334	2.64385	2.58573	2.47519	2.51458	2.87344
alpha_rarefaction_10_9.txt	10	9	2.75982	2.16558	3.17411	2.43782	2.27598	2.6501	2.94384	2.2877	3.34192	3.06409	2.64709	2.7577	2.78145	3.58034	2.05122	2.68992	1.82104	2.67755	2.539	3.12183	1.42393	2.45035	2.92981	2.36879	2.02644	2.97896	2.17526
alpha_rarefaction_491_0.txt	491	0	13.26755	12.94731	11.68353	13.49867	13.80285	13.04722	12.04694	12.95098	13.37327	12.81574	13.08567	11.5754	12.76626	13.64495	13.53486	13.65909	11.33928	12.23248	13.51591	12.36961	13.34519	13.30078	13.41329	12.90387	13.16682	9.90075	12.77239
alpha_rarefaction_491_1.txt	491	1	12.23669	12.78204	11.55311	12.29214	13.20156	12.94569	11.55074	12.86662	13.84588	12.74238	13.28522	11.94949	13.28385	13.15886	13.24868	13.54692	12.00323	13.55254	13.2305	13.24222	13.13583	12.52419	13.21655	13.08505	12.14381	11.59251	12.60059
alpha_rarefaction_491_2.txt	491	2	12.08978	13.49387	12.37386	12.5129	12.54178	12.03564	10.46461	11.98561	13.7323	12.68506	12.937	10.70645	12.84988	12.79451	13.23954	14.08482	11.10686	13.02739	13.53695	12.52653	13.25732	12.81313	12.841	12.28374	12.3951	11.75826	13.13253
alpha_rarefaction_491_3.txt	491	3	11.84628	12.67497	11.66323	13.12148	12.12646	13.499	11.18975	12.45491	14.08358	12.61004	12.61056	10.76148	12.48076	12.97981	13.42524	12.40936	12.65164	13.06974	12.72513	13.38753	13.43676	13.21893	13.11887	12.90153	12.69896	11.56653	12.64468
alpha_rarefaction_491_4.txt	491	4	12.47184	12.62672	12.42706	12.50908	12.75907	13.45287	11.2126	12.59707	13.87281	12.42271	12.24248	10.96028	12.7425	13.10212	13.36014	13.08952	11.70967	12.19593	13.12998	13.18579	12.40448	13.4603	12.85487	12.32926	12.2494	10.55181	13.01875
alpha_rarefaction_491_5.txt	491	5	11.71752	12.48276	12.2677	11.81413	12.81553	13.01339	11.3134	13.21077	13.89416	12.01635	12.20852	11.60086	13.45719	12.14298	13.01777	13.65652	12.12053	12.88926	14.12408	13.4924	12.71945	12.68698	12.51388	13.44541	12.69785	10.66405	12.88781
alpha_rarefaction_491_6.txt	491	6	11.93342	12.18911	12.0057	13.1954	12.45134	12.60809	11.14686	13.25313	12.65292	12.3549	13.28201	10.44284	12.54165	13.94503	13.39459	14.46758	11.52763	13.71997	12.98805	13.30554	12.79487	13.34788	12.9311	13.60679	12.76068	10.7046	12.23366
alpha_rarefaction_491_7.txt	491	7	12.24427	13.59066	11.66694	13.34315	12.32566	13.35958	11.20404	12.94717	13.91942	12.19014	13.78409	10.55382	12.69805	14.16799	12.6472	14.11599	12.66044	13.18822	13.32612	13.2542	13.9067	13.04667	12.27507	12.468	13.32696	10.77063	13.55207
alpha_rarefaction_491_8.txt	491	8	11.14197	12.4334	12.0505	12.27518	12.74688	12.42792	11.25931	13.14934	12.85735	13.3769	13.74681	11.3327	11.66111	14.10656	13.32814	13.85236	11.26865	13.20608	12.51012	13.85114	12.2543	12.04456	13.14486	12.93888	12.83355	12.00637	13.52099
alpha_rarefaction_491_9.txt	491	9	12.47795	12.4832	12.04065	14.02741	12.20625	13.18774	11.11754	13.11569	13.46705	11.61638	12.06071	11.71035	12.95126	14.41554	12.49928	13.54781	12.12335	13.09541	13.68656	13.0245	12.36342	12.7676	13.28985	12.9279	12.80102	9.82875	13.20829
alpha_rarefaction_972_0.txt	972	0	13.8609	13.73072	13.22268	15.13278	13.88901	14.35096	12.11272	14.21174	14.5496	13.81712	14.43091	13.37675	14.70374	14.69592	13.8954	15.16402	13.60474	13.89802	14.71417	14.42616	14.57441	15.09231	14.07573	14.27363	13.7557	11.70172	14.87173
alpha_rarefaction_972_1.txt	972	1	13.30391	14.58559	13.08368	14.49896	14.47251	13.92361	12.10496	14.17686	14.11752	13.73316	14.18107	12.52297	14.6501	15.25656	14.31088	15.08952	14.36673	14.62826	14.85858	15.0014	13.68821	14.8876	14.29531	13.91897	14.30744	12.42774	14.09746
alpha_rarefaction_972_2.txt	972	2	14.31203	14.83088	12.77081	14.25145	14.56318	14.27877	11.71578	14.99109	14.97728	14.21906	14.16216	12.9195	13.9845	14.30884	14.11148	14.50497	13.75498	12.97925	14.34592	14.8213	14.8221	14.83875	14.63002	15.326	14.37007	12.91919	14.09177
alpha_rarefaction_972_3.txt	972	3	13.5882	14.56689	13.1417	14.58554	14.0539	14.64563	13.00507	14.52073	14.3971	14.67335	14.38291	12.98988	13.88163	15.08559	13.83048	14.80773	13.1425	14.24347	14.31745	14.82773	14.79532	14.04813	13.49419	15.01141	14.37127	12.70479	14.69574
alpha_rarefaction_972_4.txt	972	4	13.1339	14.72817	12.81461	14.69593	14.47046	13.64779	12.46983	14.36822	14.48983	13.44006	13.73356	13.77082	13.79898	15.30962	14.40564	15.57172	13.60028	13.86873	15.51313	14.23035	14.33863	14.50771	14.83116	15.09274	14.57184	12.07258	14.82754
alpha_rarefaction_972_5.txt	972	5	14.25983	14.11899	13.62503	14.8141	13.94337	14.98469	12.56563	14.51856	15.67469	14.52606	15.01976	13.70303	14.24859	15.33145	14.49918	15.0833	13.80849	15.04595	14.95183	14.55767	13.94733	14.76612	14.27161	14.91788	14.74875	13.0594	15.14223
alpha_rarefaction_972_6.txt	972	6	13.25317	14.87144	12.59829	14.25532	14.90096	14.35301	12.3723	15.18971	14.36339	14.25672	14.37215	13.16084	14.7502	14.9251	15.00011	15.99203	13.95496	14.40015	15.17344	14.75608	14.74749	13.79152	14.56307	14.50773	14.1524	11.40522	15.03683
alpha_rarefaction_972_7.txt	972	7	13.6365	14.10487	13.6268	14.46852	13.96698	13.98739	12.09499	14.85566	14.08031	13.08557	14.92728	13.45104	14.46484	15.0795	14.08613	15.34155	13.33242	14.56632	14.81306	14.3997	14.36615	14.02111	13.96784	13.83932	14.25257	12.52906	14.55669
alpha_rarefaction_972_8.txt	972	8	13.53917	14.20764	13.53497	14.28146	14.71919	14.21906	12.05271	15.37584	14.8819	14.11438	14.38732	13.15884	14.71581	14.89414	15.05933	15.23763	12.97878	14.76136	14.57885	14.51856	13.80253	14.03819	14.38732	14.88511	14.62577	11.91931	14.43191
alpha_rarefaction_972_9.txt	972	9	14.47266	14.51802	13.70128	14.84327	14.10616	14.05043	11.88512	15.36634	14.60459	13.81477	14.1229	12.97629	15.35822	15.408	14.3788	15.12791	13.74934	14.77298	14.15994	14.51117	14.58455	13.79154	13.92783	14.93442	14.64348	13.10815	14.27155
alpha_rarefaction_1453_0.txt	1453	0	14.55693	14.48003	13.83338	15.10011	15.49152	15.21024	13.08616	15.43678	15.48231	15.31743	14.68118	14.07548	15.48314	15.31232	14.75835	15.32428	14.57954	14.85436	15.75956	14.55658	15.59213	15.37733	14.67973	15.30109	14.79462	13.19913	15.66877
alpha_rarefaction_1453_1.txt	1453	1	14.44677	14.93777	13.26462	14.84921	14.82123	14.70811	12.91737	15.05263	15.67341	14.64138	14.88212	13.48487	15.05255	15.45626	15.11393	15.77971	14.84079	15.1758	15.85165	15.01964	15.12323	15.10609	15.22203	15.75331	15.34181	13.68195	14.51218
alpha_rarefaction_1453_2.txt	1453	2	14.79983	15.1507	13.65032	15.45639	15.28675	14.63603	13.60509	15.88999	15.45179	14.29901	15.17978	13.68179	15.66169	15.79404	15.34497	15.69581	15.29234	15.07944	16.08268	14.90561	15.83179	14.72612	15.20399	15.2169	15.03206	13.18373	15.79329
alpha_rarefaction_1453_3.txt	1453	3	14.46509	15.12641	13.79288	15.15513	15.49895	14.95168	13.30188	15.6736	14.62052	14.62211	13.54408	13.18927	14.87282	15.54704	15.22101	15.10982	14.7626	15.46236	15.73291	15.08186	15.11534	14.99001	15.24598	15.18125	15.22186	13.36076	15.41786
alpha_rarefaction_1453_4.txt	1453	4	14.6503	15.15747	13.51185	15.00682	14.90045	14.6424	12.89216	14.93263	15.66047	14.20724	15.48094	13.38295	14.76414	16.1081	15.04226	15.9465	14.49048	15.14349	15.80913	15.57083	14.86063	15.34275	15.30879	15.84621	14.72522	13.31119	16.00229
alpha_rarefaction_1453_5.txt	1453	5	14.4267	14.72552	13.93058	15.43959	15.11964	14.55591	13.42591	15.02223	15.48451	13.86338	14.70484	13.75699	15.6724	15.51441	15.13256	15.50268	14.56556	15.28719	15.9637	15.3023	15.01758	15.18671	15.63951	15.71005	15.32626	12.89752	15.04128
alpha_rarefaction_1453_6.txt	1453	6	14.62356	14.90275	14.21404	15.58776	15.31316	14.6741	12.8528	14.60957	15.37966	15.33303	15.41963	14.14109	15.31812	16.25624	14.91258	15.77153	14.29622	15.39579	16.37664	15.27219	14.42977	15.68942	14.87436	15.49558	14.66111	14.38764	15.39248
alpha_rarefaction_1453_7.txt	1453	7	14.68818	15.56228	14.07899	15.37581	14.28526	14.86424	13.69111	15.5958	15.31582	14.7275	14.59689	13.83545	15.70226	15.82754	15.6176	16.0569	14.48855	14.74637	15.79461	15.19386	15.22865	15.07325	15.4457	16.01394	14.63222	13.29729	15.57272
alpha_rarefaction_1453_8.txt	1453	8	14.6053	15.01516	14.20544	14.59592	14.45132	15.01396	12.90976	15.48133	15.90519	15.02646	15.06346	13.1112	15.88317	15.71607	14.90683	15.81775	14.81751	15.81911	14.90553	14.87091	14.64491	15.2652	15.51703	15.56308	15.36218	14.0903	15.6697
alpha_rarefaction_1453_9.txt	1453	9	14.54907	15.30268	13.87945	15.10707	15.15015	14.82038	13.53918	15.04787	15.57505	13.91486	14.66951	14.28716	15.40376	15.77799	15.43608	15.63294	14.45057	15.03273	15.01786	14.90468	14.5992	15.23887	14.99572	15.74336	14.67427	13.17772	15.26487
alpha_rarefaction_1934_0.txt	1934	0	15.62785	15.69854	14.55898	16.13882	15.49237	15.13341	13.57011	15.5209	15.58345	14.95886	15.86699	14.56895	15.63423	16.03117	15.45375	16.18018	14.90103	16.16302	15.87576	15.93688	15.52038	15.33735	16.47908	15.7382	15.50426	14.21794	15.54425
alpha_rarefaction_1934_1.txt	1934	1	15.29083	15.91891	14.73481	15.11225	15.16363	15.34911	13.932	15.35026	15.74406	15.79228	15.4917	14.40131	15.47108	15.67574	15.47894	15.70277	15.89194	15.33994	15.72819	15.5632	15.02228	15.42108	15.27938	15.81	15.50079	14.25887	15.90585
alpha_rarefaction_1934_2.txt	1934	2	15.15974	15.29429	14.60976	15.70101	15.07631	15.44005	13.44951	15.66865	15.39301	15.30267	15.48405	13.9809	15.66138	16.38618	15.40904	15.83451	15.09892	15.58743	15.39585	15.39909	15.07526	15.49022	15.8721	15.84883	14.90113	13.53231	15.53975
alpha_rarefaction_1934_3.txt	1934	3	15.38214	15.36339	14.67551	15.6107	15.37157	14.22752	13.8925	15.97307	16.23391	15.40246	14.99964	14.32769	15.90915	15.96776	15.94499	16.08978	15.7739	15.42524	15.74581	15.63227	15.58226	15.54654	16.03725	15.78362	15.3035	15.08704	15.85113
alpha_rarefaction_1934_4.txt	1934	4	14.7341	15.63075	14.15982	15.68729	14.97837	14.73446	13.69693	15.62453	16.00275	15.26507	15.13747	14.99453	16.05377	16.21136	15.56364	16.26288	15.10576	15.50483	16.10133	15.08575	15.31757	15.56552	15.88059	15.72366	14.78757	14.1279	15.87794
alpha_rarefaction_1934_5.txt	1934	5	15.18586	15.40416	14.31134	15.67083	15.58816	15.39566	13.77381	15.99744	15.79282	14.39858	15.38927	14.06508	15.32103	16.18049	15.66431	15.67325	15.5301	15.28551	16.21905	15.38766	14.6754	15.16976	15.61916	15.84739	15.10907	13.56079	15.90633
alpha_rarefaction_1934_6.txt	1934	6	15.18679	15.88482	14.09619	14.75557	15.14272	15.13016	13.34236	15.65058	15.49797	13.97448	15.54165	15.09054	15.86049	16.40876	15.38745	15.95577	15.3202	15.16232	15.51256	15.81914	15.51397	15.6164	15.55087	16.06122	15.30376	13.97362	16.03354
alpha_rarefaction_1934_7.txt	1934	7	15.10943	15.35388	14.82077	15.47419	15.47713	15.08225	13.10706	15.77546	15.44252	14.92387	15.30226	14.18798	15.7843	15.80157	15.26257	16.17889	14.82837	15.68856	15.48606	15.2484	15.96185	15.91673	15.22783	16.05459	15.1719	13.19459	16.21753
alpha_rarefaction_1934_8.txt	1934	8	14.70016	15.823	14.6038	15.48168	15.94501	14.72371	13.62962	16.23745	16.23688	15.41253	14.94291	14.22094	15.72615	15.86126	15.58103	15.90999	15.11558	15.52284	16.3226	15.55886	15.00704	15.18931	16.1099	15.623	15.14986	12.79545	15.80944
alpha_rarefaction_1934_9.txt	1934	9	15.10302	15.31277	13.5497	15.51345	15.88965	14.57404	12.9175	16.08306	16.22082	15.32648	15.33301	14.52377	15.26514	15.92438	15.67233	16.07223	15.73092	16.23994	16.10613	16.15413	14.70621	15.84935	15.55141	15.5597	15.69855	13.93893	16.17157
alpha_rarefaction_2415_0.txt	2415	0	15.36846	15.80187	14.70711	15.6714	15.39562	15.50911	13.72651	15.41116	15.71822	15.2226	15.88342	14.41699	15.82099	16.24358	15.88353	15.92596	14.98557	15.46754	16.58623	15.36944	15.8488	15.54764	16.0635	15.88595	15.57261	14.23143	16.19265
alpha_rarefaction_2415_1.txt	2415	1	14.55096	16.10507	14.40951	15.85398	15.50633	15.64669	12.88078	15.97275	16.21163	15.37409	15.8137	14.71498	15.41413	16.62734	16.43987	16.30693	15.84958	15.90847	16.05718	15.83012	15.85034	15.76756	16.1548	16.42575	15.80838	14.59861	16.17028
alpha_rarefaction_2415_2.txt	2415	2	15.32883	15.97131	15.03212	15.80234	15.46861	15.38941	13.53133	15.89838	15.47495	15.78725	15.66264	14.93759	15.76142	16.58615	16.20808	16.46604	15.54792	15.58362	15.7546	16.3127	15.8393	15.66114	15.57166	16.35543	15.68559	14.00154	16.33704
alpha_rarefaction_2415_3.txt	2415	3	14.9402	15.65702	14.72702	16.07703	15.12928	15.95534	14.08071	15.77178	15.92655	15.9938	15.66521	14.94426	16.08599	16.59191	16.15992	16.03901	15.63661	16.05048	16.42725	16.3249	15.70074	15.5964	15.79057	16.02804	15.66663	14.97594	15.88382
alpha_rarefaction_2415_4.txt	2415	4	15.31734	16.06663	14.99883	16.11183	16.09189	15.09708	14.08347	15.81949	15.95499	15.40806	16.14516	14.73318	16.08414	16.42989	15.86458	16.00197	15.25409	15.92151	15.9912	15.937	15.55746	15.55591	16.1884	16.34794	15.90813	14.71017	16.48762
alpha_rarefaction_2415_5.txt	2415	5	14.68561	15.9573	14.01436	16.08451	15.78908	15.72494	14.09021	16.36555	15.49666	15.39458	15.44372	15.14585	15.88926	16.40502	15.96756	16.24956	15.69165	15.63642	16.42998	16.33173	15.62203	15.59743	15.53022	16.17109	16.05976	14.1976	16.36824
alpha_rarefaction_2415_6.txt	2415	6	15.80187	15.54869	15.48183	15.69573	15.76286	14.98612	13.82756	15.87993	15.89247	15.97867	16.03811	15.02992	16.19453	16.51403	15.46404	16.55212	15.38944	15.96204	16.40037	16.35516	15.54934	15.18808	15.78864	16.08909	15.26698	13.81509	16.64475
alpha_rarefaction_2415_7.txt	2415	7	14.81926	16.23893	14.6577	16.23724	15.45134	15.5237	13.78613	15.52675	15.60659	15.73923	15.41426	14.70781	16.03509	16.42751	15.62489	16.63921	15.916	15.80355	15.94502	15.29516	15.99786	15.70874	15.7149	15.26362	15.22881	14.50806	16.3741
alpha_rarefaction_2415_8.txt	2415	8	15.83053	15.74624	14.78994	16.26888	16.17614	15.20166	14.30376	16.30734	16.00967	14.97349	15.59666	14.42125	16.379	16.20598	15.36377	16.29627	15.8153	16.09286	16.22848	16.10554	16.0612	16.28075	15.81292	15.87736	15.35348	14.75148	16.58257
alpha_rarefaction_2415_9.txt	2415	9	14.79133	16.40469	14.89991	15.22193	16.06853	15.06837	14.64602	15.82501	16.23576	15.82009	16.28873	14.85147	15.76084	16.47676	15.54107	16.0546	15.40483	15.67753	15.8483	16.19336	15.52507	15.70589	15.88244	16.13838	15.70886	14.04098	16.19331
alpha_rarefaction_2896_0.txt	2896	0	15.21723	16.25024	15.06816	16.12555	16.13825	15.91783	13.70785	15.94443	16.4484	15.62279	15.91712	15.63157	16.29606	16.49038	15.85332	16.31102	15.95775	16.17144	16.28672	15.57	16.0666	15.88915	16.14899	16.28388	16.17778	14.41953	16.60878
alpha_rarefaction_2896_1.txt	2896	1	15.5018	15.57417	15.1315	15.70481	16.34254	15.36009	14.86229	16.27729	15.97671	15.99524	16.41415	14.9393	16.28178	15.87859	16.07401	16.17137	15.56366	16.42044	16.07706	16.05824	15.97983	15.48064	16.24306	16.07208	16.21421	14.79808	16.191
alpha_rarefaction_2896_2.txt	2896	2	15.17903	15.97595	14.43704	16.42727	16.04166	15.5413	14.62477	15.94868	15.91589	15.33458	15.56026	15.23092	16.42173	16.27228	15.6712	16.27191	15.25778	15.67713	16.39577	15.76082	16.02007	15.99412	15.48981	16.00141	16.37069	14.79507	16.27708
alpha_rarefaction_2896_3.txt	2896	3	15.21431	16.01651	14.44672	15.87131	16.24721	15.26174	13.91233	16.27872	16.22049	15.83689	16.52475	15.64607	16.56787	16.30477	15.92311	16.33367	15.5681	16.62396	16.17504	16.42244	16.07576	16.11965	15.63084	16.05906	15.62067	14.45395	16.72465
alpha_rarefaction_2896_4.txt	2896	4	15.0982	15.67751	15.75548	16.30762	15.6834	15.28685	14.07253	16.46616	16.09373	15.08532	15.11741	15.03731	15.99558	16.51477	16.28572	16.19452	16.30787	15.98404	16.59147	15.88823	15.52121	16.33748	15.94889	16.10433	15.87284	14.75568	16.41083
alpha_rarefaction_2896_5.txt	2896	5	15.60101	16.13975	15.01388	15.37084	16.10501	15.94147	15.00904	15.77442	15.82631	15.75913	15.57597	14.75258	15.73642	16.54631	16.27889	16.47604	15.48433	16.62566	16.61501	15.83825	16.39974	16.14256	16.08551	16.04766	15.92972	14.70308	16.42101
alpha_rarefaction_2896_6.txt	2896	6	15.59653	15.75579	14.74985	15.9827	16.1248	15.74249	14.90139	15.85506	16.20829	15.73273	15.00368	15.41054	16.25866	16.21572	16.36425	16.61837	16.11197	16.09002	16.7791	15.79291	16.50004	15.71315	16.10454	16.00002	16.18049	14.54774	16.44432
alpha_rarefaction_2896_7.txt	2896	7	15.59921	15.88878	14.9103	15.52367	16.03576	15.31012	13.81229	16.31996	16.60359	14.59806	15.80715	14.80907	16.09095	16.51122	16.02519	16.21638	15.83118	16.08808	16.58444	16.15901	16.03802	15.70375	16.12691	16.30081	15.5592	14.80614	16.37676
alpha_rarefaction_2896_8.txt	2896	8	15.55551	15.7017	14.96554	16.19174	16.16703	15.87958	13.66782	15.76205	16.38099	15.64667	15.85069	14.44241	16.46682	16.40409	16.049	16.2482	15.99811	16.28096	16.27309	16.4255	15.88322	15.97856	15.94674	16.16824	15.70815	14.51162	15.70255
alpha_rarefaction_2896_9.txt	2896	9	15.95084	16.3991	15.67598	15.99165	16.06723	15.52639	13.75787	15.891	16.21121	15.38841	16.08996	15.06342	15.86821	16.70193	16.09511	16.66511	15.40471	15.78172	16.08934	16.38651	15.98939	16.16665	15.90046	16.04229	15.71812	14.2639	16.25485
alpha_rarefaction_3377_0.txt	3377	0	15.65705	15.90681	15.11166	16.01048	16.43466	15.618	14.23755	16.08085	16.09781	15.75602	16.1274	14.70915	16.58229	16.60188	16.22214	16.72151	16.42552	15.80109	16.558	16.0779	16.19981	15.52182	15.91849	15.81704	15.64006	15.03854	16.45929
alpha_rarefaction_3377_1.txt	3377	1	15.61479	15.61072	15.43182	15.63073	16.1659	15.765	14.56702	16.26184	16.12437	15.84477	15.63628	15.29201	16.14371	16.7147	16.59514	16.61499	15.56336	16.06286	16.62862	16.06759	15.97385	15.66519	16.13026	16.15817	16.56354	15.11579	16.41406
alpha_rarefaction_3377_2.txt	3377	2	16.1081	15.66735	15.15476	16.03468	16.43821	15.69607	14.33981	16.58484	16.31375	15.93644	16.31159	14.83476	16.49723	16.3139	16.59353	16.43383	15.98823	16.36488	16.67407	16.54375	15.97166	15.93117	16.33957	16.36699	15.63856	14.8086	16.687
alpha_rarefaction_3377_3.txt	3377	3	15.99784	16.29558	15.91053	15.88863	16.24764	15.6871	13.5857	16.3856	16.20505	15.68192	15.72866	15.23669	16.66483	16.69647	16.41012	16.44059	16.09121	16.27503	16.34509	16.1253	16.21161	16.28708	16.19906	16.68492	16.23747	15.03492	16.53586
alpha_rarefaction_3377_4.txt	3377	4	15.88737	15.84744	15.07839	16.24843	16.01368	15.83955	14.31353	16.63149	16.17091	15.51354	16.02442	15.31577	16.7695	16.65369	16.05829	16.70287	16.15769	15.86383	16.36956	16.46385	16.3476	16.04563	16.15219	16.44841	15.25401	15.02236	16.44159
alpha_rarefaction_3377_5.txt	3377	5	15.9721	15.89732	15.03019	16.18531	16.32824	15.91068	14.30213	16.37228	16.6354	15.85252	16.27537	15.29175	16.0724	16.57619	16.52837	16.64115	16.13454	16.05607	16.01853	16.53862	16.32628	15.93719	16.29976	16.50963	16.09944	15.03041	16.37729
alpha_rarefaction_3377_6.txt	3377	6	15.52427	15.8689	15.35853	16.27093	16.09091	15.62809	14.49658	15.68081	16.46525	16.11546	15.88884	15.20807	15.99883	16.5533	16.07685	16.30247	16.05923	16.05788	15.87389	15.72725	16.73849	15.82292	16.55807	15.91599	15.76373	14.69484	16.62481
alpha_rarefaction_3377_7.txt	3377	7	15.56784	16.38222	15.20648	16.02866	16.6191	15.08513	14.55489	16.37633	15.70647	15.9401	15.78021	15.20872	16.48122	16.40673	16.45124	16.64796	16.41792	15.85521	16.454	16.08781	16.28921	15.4657	16.10099	16.37219	15.35058	15.13029	16.7614
alpha_rarefaction_3377_8.txt	3377	8	15.64537	15.68599	15.19216	15.83652	16.38087	15.8515	14.2801	16.49858	16.48922	16.03238	16.16705	15.04825	16.1396	16.64782	16.18105	16.18369	15.92024	16.19374	16.62862	16.49352	16.5327	16.11074	16.3593	16.59316	16.21369	15.04666	16.45464
alpha_rarefaction_3377_9.txt	3377	9	15.30044	15.61099	15.67756	16.19783	16.66109	15.30295	14.32396	16.38556	15.56026	15.73867	15.98238	15.11044	16.38403	16.48774	16.46194	16.6809	16.10482	16.56093	16.74045	16.50058	16.32551	16.13701	16.07261	16.30939	16.02193	15.19814	16.68565
alpha_rarefaction_3858_0.txt	3858	0	15.95287	16.05908	15.43856	16.26386	16.65963	15.88431	14.75805	16.37316	16.63569	15.99535	16.18798	15.30599	16.60931	16.43738	16.43651	16.36388	16.15196	16.24659	16.10034	16.49355	15.84415	15.80897	16.10563	15.78502	16.45435	15.24347	16.7614
alpha_rarefaction_3858_1.txt	3858	1	16.10114	15.92481	15.09345	16.10594	16.61482	15.27863	13.99669	16.39095	16.54331	16.27352	16.07762	15.87491	16.50234	16.63256	16.28012	16.7791	16.40465	16.25482	16.43866	16.29619	15.6992	16.26258	16.09994	16.01054	16.22783	15.37167	16.73445
alpha_rarefaction_3858_2.txt	3858	2	15.91946	16.19412	15.99241	16.17204	16.41074	15.7529	14.39198	16.48867	16.38625	15.9677	15.89684	15.6843	16.27336	16.54088	16.30119	16.59019	16.20055	16.36651	16.66118	16.2708	15.80623	16.13366	16.08213	16.7791	15.97762	14.56513	16.75215
alpha_rarefaction_3858_3.txt	3858	3	15.90858	16.10622	14.98583	16.19233	16.52853	16.0181	14.03152	16.54672	16.72889	16.15688	16.37249	15.57411	16.64145	16.15716	16.43094	16.63838	16.23003	16.23657	16.73668	16.33048	16.16165	16.1823	16.35894	15.99222	16.26959	14.80874	16.74226
alpha_rarefaction_3858_4.txt	3858	4	16.11313	16.18296	15.37108	15.97724	16.16873	15.89389	14.3095	16.33708	16.48622	16.2416	15.95748	15.25333	16.32915	16.55022	16.4685	16.47627	16.17769	16.54143	16.71808	16.10804	16.00643	15.78815	16.16726	16.12087	16.02727	14.96876	16.6498
alpha_rarefaction_3858_5.txt	3858	5	15.54679	16.03414	14.81319	16.22185	16.53288	15.72531	15.19648	16.30953	16.36513	16.09832	16.47845	15.72129	16.65004	16.50909	16.02934	16.46255	16.05867	16.28014	16.62856	15.99681	16.56236	16.10198	16.50279	16.26055	16.2462	14.86475	16.7791
alpha_rarefaction_3858_6.txt	3858	6	15.55035	16.2296	15.89935	16.27573	16.29365	16.10574	13.84315	16.33748	16.45875	15.30024	16.23951	15.38286	16.49658	16.66131	16.28278	16.51764	16.23533	16.42444	16.7695	15.96061	16.54842	16.12798	16.29955	16.09903	16.43908	14.74628	16.22556
alpha_rarefaction_3858_7.txt	3858	7	15.68211	16.03041	15.38154	16.40553	16.54368	15.20304	14.24472	16.37396	16.15419	15.41451	16.40229	15.22321	16.39176	16.56636	16.15297	16.53589	16.34215	16.07908	16.34901	16.06999	16.15184	15.93947	15.76373	16.52163	16.01759	14.93129	16.45661
alpha_rarefaction_3858_8.txt	3858	8	15.80408	16.59251	15.83845	15.6394	15.79531	15.81728	15.15038	16.20498	16.41037	16.47421	15.78269	15.50974	16.29982	16.56858	16.54597	16.56628	16.12922	16.53071	16.5229	16.36902	16.64892	16.47472	16.33748	16.04393	15.883	14.89877	16.73176
alpha_rarefaction_3858_9.txt	3858	9	15.83247	15.89952	15.61722	16.66081	16.3348	16.12911	15.17285	16.24543	16.66504	16.28071	16.26764	15.5826	16.35831	16.59961	16.16854	16.75868	15.98948	16.41618	16.11263	16.56337	15.83126	16.66463	16.14972	16.30925	15.94969	15.59447	16.7633
alpha_rarefaction_4339_0.txt	4339	0	16.01246	16.10901	15.60061	16.7129	16.44722	15.91417	14.09071	16.11427	16.53311	16.25776	15.876	15.66262	16.40304	16.64371	16.67078	16.6082	16.08255	16.12827	16.36089	16.68424	16.14996	16.68211	16.56443	16.46848	16.30191	14.46478	16.50909
alpha_rarefaction_4339_1.txt	4339	1	15.53888	16.04992	15.6624	16.55709	16.59619	15.99845	14.2495	16.67088	16.54854	16.05568	15.47679	15.65759	16.65074	16.63256	16.3041	16.7695	15.71849	16.70723	16.62171	16.5069	16.16161	16.12555	16.39549	16.50909	16.43595	15.34692	16.7791
alpha_rarefaction_4339_2.txt	4339	2	15.50685	16.40461	15.00411	16.41969	16.73981	15.6127	14.62957	16.05046	16.25526	16.0399	16.47643	15.82132	16.68416	16.63256	16.47443	16.62026	16.17613	16.19423	16.72465	16.29788	16.19939	16.2763	16.24469	16.56714	16.21244	14.81114	16.7456
alpha_rarefaction_4339_3.txt	4339	3	16.0785	16.11054	15.70106	16.33993	16.62607	15.7045	14.83699	16.70607	15.91265	15.8942	16.20622	14.81016	16.09269	16.31448	15.98409	16.56471	16.2542	16.67297	16.46677	16.69348	16.03216	16.56526	16.30931	16.64371	16.60505	15.6155	16.7791
alpha_rarefaction_4339_4.txt	4339	4	16.45948	16.08116	15.51589	16.27336	16.54566	16.44949	14.6237	16.72855	16.67662	15.80725	15.88949	15.58169	16.43754	16.73849	16.42871	16.28238	16.47381	16.30228	16.53372	16.14341	16.55429	16.48426	16.33211	16.21792	16.21435	14.85025	16.50909
alpha_rarefaction_4339_5.txt	4339	5	15.76373	16.23983	16.15054	16.17942	16.68903	15.28321	15.07734	16.32519	16.48409	16.38457	16.56247	15.63432	16.61021	16.73849	16.55947	16.32289	15.8449	16.4693	16.7695	16.58889	16.12652	16.06185	16.35067	16.22322	16.40586	14.80382	16.7791
alpha_rarefaction_4339_6.txt	4339	6	15.89706	16.56215	15.55824	16.49876	16.67562	15.8173	14.22179	16.47527	16.36859	16.08215	16.25448	15.52972	16.693	16.73045	16.68667	16.46324	15.94488	16.15761	16.57157	16.48627	16.30279	15.98871	16.31583	16.72426	16.59016	14.68697	16.76795
alpha_rarefaction_4339_7.txt	4339	7	15.83433	16.21838	15.90886	16.54508	16.70699	15.6541	15.17758	16.34596	16.62458	15.79532	15.95454	14.97907	16.23704	16.74045	16.47498	16.32859	16.50467	16.12472	16.23948	16.273	16.17972	16.02389	16.12636	16.35773	16.34909	15.1191	16.74291
alpha_rarefaction_4339_8.txt	4339	8	16.22002	16.24363	15.73195	16.35074	16.72567	15.89469	14.87173	16.6111	16.63991	15.92958	15.4812	15.3869	16.30289	16.09497	16.47408	16.21071	15.94649	16.71563	16.45365	16.3284	16.43156	16.20963	16.45023	16.2294	16.26701	15.49639	16.7791
alpha_rarefaction_4339_9.txt	4339	9	16.38185	16.10536	15.55269	16.50225	16.35358	16.08519	15.47713	16.75588	16.68365	16.26513	15.7886	15.86537	16.38559	16.44853	16.5489	16.47846	16.44334	16.13349	16.41598	16.61731	16.00079	16.2326	16.45472	16.32074	16.38314	15.49998	16.72711
alpha_rarefaction_4820_0.txt	4820	0	16.25374	16.32519	15.91852	16.0499	16.19942	15.97611	14.79345	16.63947	16.41021	16.23904	15.88043	16.1749	16.53345	16.64371	16.3523	16.29411	16.50752	16.47855	16.7791	16.56832	16.24658	16.28675	16.1781	16.5878	16.20772	15.27534	16.7791
alpha_rarefaction_4820_1.txt	4820	1	16.11357	16.28145	15.88433	16.20816	16.68667	16.09997	15.04204	16.48508	16.68561	15.43516	16.43515	15.67803	16.21954	16.59391	16.51293	16.48107	16.15741	16.02109	16.7791	16.28541	16.5356	16.12437	16.50183	16.24857	16.2226	15.62121	16.7791
alpha_rarefaction_4820_2.txt	4820	2	15.94433	16.42474	15.25602	16.28936	16.56608	15.79413	14.40402	16.45304	16.36811	16.11911	16.28155	16.09317	16.54103	16.65016	16.39514	16.71466	16.15865	16.49457	16.7345	16.55127	16.29988	16.06948	16.49077	16.29463	16.20732	15.35152	16.7791
alpha_rarefaction_4820_3.txt	4820	3	16.05339	16.29214	15.84907	16.40655	16.65932	15.62696	14.4808	16.59047	16.63719	16.56236	16.31078	15.69456	16.65791	16.62791	16.19606	16.58059	16.34044	16.54652	16.64553	16.7695	16.14589	16.27965	16.53918	16.55484	15.69907	15.40392	16.7791
alpha_rarefaction_4820_4.txt	4820	4	16.14251	16.1322	15.82064	16.62628	16.35494	16.23785	14.62796	16.33319	16.53826	15.98408	16.17806	15.92961	16.29427	16.59195	16.44828	16.57248	16.02949	16.41164	16.7791	16.57782	16.71512	16.34414	16.27416	16.17332	16.04858	15.63323	16.7791
alpha_rarefaction_4820_5.txt	4820	5	16.34582	15.85438	15.90311	16.69248	16.46	15.86092	15.58962	16.44289	16.42142	16.48587	16.40115	15.48702	16.41815	16.7695	16.2835	16.74908	16.41196	16.28316	16.7791	16.60033	16.40522	15.92233	16.57201	16.22393	16.37656	15.91647	16.7791
alpha_rarefaction_4820_6.txt	4820	6	16.07066	15.88879	16.03734	16.62865	16.64751	15.81647	15.01959	16.7791	16.34015	16.49229	16.51335	15.88345	16.74846	16.62049	16.19918	16.69597	16.37174	16.62396	16.47272	16.27573	15.94108	16.29073	16.40315	16.54792	15.91394	15.42689	16.7791
alpha_rarefaction_4820_7.txt	4820	7	16.06834	16.05518	16.02168	16.26681	16.47965	15.39838	15.38159	15.98176	16.68365	16.4857	16.25174	16.17258	16.63794	16.75835	16.62049	16.75868	16.17532	16.17803	16.50909	16.38961	16.50909	15.75961	16.29901	16.01457	16.30045	15.60878	16.7791
alpha_rarefaction_4820_8.txt	4820	8	15.71194	15.78127	15.70685	16.38659	16.39231	15.79413	14.99522	16.7791	16.4874	16.19496	16.65426	15.47385	16.4522	16.66131	16.5385	16.57281	16.61899	16.43242	16.48986	16.64053	16.45425	16.23894	16.43836	16.50909	15.89588	14.81866	16.7791
alpha_rarefaction_4820_9.txt	4820	9	15.93557	16.40431	15.38051	16.3558	16.69973	16.20961	14.86988	16.61369	16.30817	16.2941	16.30516	15.90798	16.43472	16.7791	16.26894	16.60412	15.8832	16.67077	16.51137	16.56487	16.50909	16.14676	16.50358	16.24129	16.51081	15.39368	16.7791