# Constructed from biom file
#OTU ID	515rcbc8	515rcbc9	515rcbc10	515rcbc11	515rcbc13	515rcbc14	515rcbc15	515rcbc16	515rcbc17	515rcbc18	515rcbc19	515rcbc21	515rcbc22	515rcbc23	515rcbc24	515rcbc25	515rcbc26	515rcbc27	515rcbc28	515rcbc29	515rcbc31	515rcbc32	515rcbc33	515rcbc34	515rcbc35	515rcbc36	515rcbc37
k__Archaea;p__Crenarchaeota;c__Thaumarchaeota;o__Nitrososphaerales;f__Nitrososphaeraceae;g__Candidatus Nitrososphaera	0.00549496295063	0.0879071842927	0.0297183098592	0.00828487624144	0.0434539190353	0.0428642908767	0.0477552514759	0.0371806569343	0.0615695402046	0.0714519446522	0.0335280916267	0.0338583873582	0.0275866188769	0.0479444778868	0.0995172051686	0.000989622338718	0.138066996336	0.0332296065792	0.0767807021112	0.0608611201036	0.00992040152139	0.00365191485272	0.0242070475128	0.0809822562642	0.0771101671691	0.0105809128631	0.0302758867789
k__Bacteria;p__Acidobacteria;c__Acidobacteria-5;o__;f__;g__	0.00391307967696	0.00821805741484	0.00661971830986	0.00313899037719	0.0108527131783	0.00502214562369	0.00336369044895	0.00440522354015	0.00245926836766	0.00682498130142	0.00481736573286	0.0124594813614	0.00542413381123	0.00577175029213	0.00399554343233	0.00353054455975	0.00491218847032	0.0032970289694	0.00416954806167	0.00215280025898	0.00531310041956	0.00389217240882	0.00221039529594	0.00269427658674	0.00095916689504	0.00290456431535	0.00250806162666
k__Bacteria;p__Acidobacteria;c__Acidobacteria-6;o__iii1-15;f__;g__	0.167263341937	0.136992414101	0.186478873239	0.142746873874	0.232299741602	0.123607790812	0.191821884582	0.140938640511	0.15745904879	0.187920718025	0.205734406439	0.196084886548	0.166081242533	0.185687475656	0.217693085917	0.122071252808	0.181126681891	0.20567533526	0.182077045112	0.162641631596	0.204740618751	0.19516121282	0.110133482124	0.170393749278	0.204919155933	0.126348547718	0.158366176997
k__Bacteria;p__Acidobacteria;c__Acidobacteria-6;o__iii1-15;f__RB40;g__	0.0199816834568	0.0116391491893	0.018661971831	0.0160294344671	0.0188199827735	0.0136209484628	0.0147132854332	0.0108776231752	0.0143603706469	0.0131591249065	0.0184568952175	0.0166379659643	0.0131780167264	0.0157572323926	0.0131263846735	0.00845190970365	0.00869079498595	0.0357486848929	0.0205223121669	0.0155066364519	0.015429557307	0.00989861131133	0.010215030688	0.0108155960125	0.0105165798849	0.0232365145228	0.0179147259047
k__Bacteria;p__Acidobacteria;c__Solibacteres;o__Solibacterales;f__Solibacteraceae;g__Candidatus Solibacter	0.00158188327367	0.00048341514205	0.000492957746479	0.000540318015746	0.00021533161068	5.55957080113e-05	9.15289918082e-05	0.000570255474453	0.000131746519696	0.000303851907255	0.000503018108652	0.000329213938412	0.00026284348865	0.000389504620941	0.000128062289498	0.00698084947042	0.000345003203601	0.000518633770468	0.000183053329537	0.000210424085465	0.000372505195467	0.00141751958099	0.000236061633547	0.000115468996574	0.000171279802686	0.000207468879668	0.000537441777141
k__Bacteria;p__Acidobacteria;c__[Chloracidobacteria];o__RB41;f__;g__	0.0096578136708	0.0346571471069	0.0126901408451	0.0118355374878	0.0180017226529	0.0128982042586	0.00926731042058	0.020044479927	0.00474287470906	0.0175299177263	0.022384305835	0.0110160048622	0.0106810035842	0.0214227541518	0.0100528897256	0.00805071145822	0.00842793540226	0.00866859302067	0.0164747996583	0.00789899643898	0.0129788652315	0.0199173514007	0.00931370445083	0.0112774719988	0.0178816114004	0.0103734439834	0.0130777499104
k__Bacteria;p__Acidobacteria;c__[Chloracidobacteria];o__RB41;f__Ellin6075;g__	0.00582799100824	0.0116019634092	0.0132816901408	0.00933978284362	0.019293712317	0.00909916421119	0.0116699464555	0.00766993613139	0.00957358043125	0.00885845175767	0.011917659805	0.0141308752026	0.0124611708483	0.0125349668921	0.0115127998258	0.0122499197604	0.0163137229131	0.00977995110024	0.0116137167962	0.00772094528974	0.00670509351841	0.00379606938638	0.0066097257393	0.0113159616643	0.012434913675	0.00560165975104	0.00873342887854
k__Bacteria;p__Actinobacteria;c__Acidimicrobiia;o__Acidimicrobiales;f__;g__	8.32570144035e-05	0.00174773166741	0.00285915492958	0.000514588586425	0.00374677002584	0.00229795593114	0.0153768706238	0.000613024635036	0.00823415748101	0.00778328347046	0.0010640767683	0.00491288492707	0.00332138590203	0.000424914131936	0.00459743619296	5.34930993902e-05	0.00957794608093	0.00403793435578	0.00158646218932	0.00616704435092	0.000627377171313	0.00019220604488	0.00175973217735	0.0119702859782	0.00393943546177	0.000414937759336	0.00223934073809
k__Bacteria;p__Actinobacteria;c__Acidimicrobiia;o__Acidimicrobiales;f__EB1017;g__	0.00283073848972	0.00502008032129	0.00795774647887	0.00681829877013	0.00344530577089	0.00322455106466	0.0083977849984	0.00421989051095	0.0073558473497	0.00771316379955	0.00340504565857	0.00534339546191	0.00455197132616	0.00339931305549	0.00577560925634	0.00676687707286	0.00463290016264	0.00666814847744	0.00272546068421	0.00657170605374	0.00435242912599	0.00365191485272	0.00540795742307	0.00839074708441	0.00308303644834	0.00165975103734	0.00344858473665
k__Bacteria;p__Actinobacteria;c__Acidimicrobiia;o__Acidimicrobiales;f__Iamiaceae;g__Iamia	0.00266422446091	0.00420199315782	0.00449295774648	0.00198116605774	0.00318690783807	0.00137136079761	0.00697908562537	0.00339302007299	0.00395239559088	0.00591342557966	0.00156709487695	0.00311487034036	0.0026523297491	0.00421373180836	0.00271492053735	0.000695410292072	0.00167572984606	0.00689042009335	0.00246105031933	0.00292975072839	0.0011175155864	0.000937004468791	0.00233915618696	0.00369500789038	0.00256919704029	0.00248962655602	0.00313507703332
k__Bacteria;p__Actinobacteria;c__Actinobacteria;o__Actinomycetales;f__Intrasporangiaceae;g__Janibacter	0.00216468237449	0.00226833258962	0.00116901408451	0.00115782431946	0.000947459086994	0.00138989270028	0.00251704727472	0.00181056113139	0.00382064907119	0.00247756170531	0.00150905432596	0.000785048622366	0.00109916367981	0.00382422718742	0.00229231498201	0.00125708783567	0.000394289375544	0.00281544046825	0.00213562217793	0.00348009064422	0.00103909343999	0.000888952957571	0.00130906905876	0.00134713829337	0.00047958344752	0.000622406639004	0.00425474740236
k__Bacteria;p__Actinobacteria;c__Actinobacteria;o__Actinomycetales;f__Microbacteriaceae;g__Agromyces	0.000499542086421	0.0016733601071	0.00243661971831	0.00159522461792	0.00387596899225	0.00352106150738	0.0078714932955	0.000812614051095	0.00461112818936	0.00663799551234	0.00299876180158	0.00503950567261	0.00352449223417	0.00138097092879	0.0051993289536	0.000133732748475	0.0022507351854	0.00370452693191	0.00296953179026	0.00394949821949	0.00207818687997	0.00136946806977	0.00221039529594	0.00357953889381	0.00126747053987	0.000622406639004	0.00183625940523
k__Bacteria;p__Actinobacteria;c__Actinobacteria;o__Actinomycetales;f__Micrococcaceae;g__	0.00308050953293	0.00743715603153	0.00239436619718	0.00481140328308	0.00534022394488	0.00133429699227	0.000594938446753	0.0185190465328	0.0137016380484	0.00783002991773	0.00866738894908	0.000455834683955	0.000979689366786	0.00601961686909	0.00882349174639	0.000187225847866	0.00144572771033	0.00614951470697	0.00311190660212	0.013499514406	0.0124887268165	0.00139349382538	0.00148075024679	0.00319464223856	0.0115100027405	0.00352697095436	0.0111519168757
k__Bacteria;p__Actinobacteria;c__Actinobacteria;o__Actinomycetales;f__Micromonosporaceae;g__Pilimelia	0.000915827158438	0.00208240368883	0.00174647887324	0.0029074255133	0.00206718346253	0.000945127036193	0.00226534254725	0.000940921532847	0.00234947960125	0.00196335078534	0.00193468503328	0.00220320097245	0.00254480286738	0.000814418752877	0.00119097929233	0.00157804643201	0.00136358409042	0.00192635400459	0.000650856282797	0.00173195208805	0.00272516958789	0.00209024073807	0.00182411262286	0.00188599361072	0.000308303644834	0.0114107883817	0.00134360444285
k__Bacteria;p__Actinobacteria;c__Actinobacteria;o__Actinomycetales;f__Mycobacteriaceae;g__Mycobacterium	0.000333028057614	0.000371857801577	0.000478873239437	0.00115782431946	0.00275624461671	0.00867293044977	0.00862660747792	0.000769844890511	0.00625795968556	0.00357610321616	0.0011221173193	0.00278565640194	0.00813620071685	0.00123933288481	0.00776057474356	0.000829143040548	0.00491218847032	0.001741127658	0.000711874059309	0.00263839430236	0.000921460220366	0.000937004468791	0.00424910940384	0.00535006350795	0.000171279802686	0.00103734439834	0.00188104621999
k__Bacteria;p__Actinobacteria;c__Actinobacteria;o__Actinomycetales;f__Nakamurellaceae;g__	0.00224793938889	0.0012271307452	0.000676056338028	0.00174960119385	0.000689061154177	0.00176053075369	0.000594938446753	0.00134010036496	0.00116376092398	0.0013322737472	0.00150905432596	0.000379862236629	0.00144563918757	0.00212457065968	0.00129342912393	0.00141756713384	6.5714895924e-05	0.00255612358302	0.00181019403653	0.00527678860473	0.00094106575697	0.00057661813464	0.00251083737499	0.000654324313922	0.000274047684297	0.000829875518672	0.00394123969903
k__Bacteria;p__Actinobacteria;c__Actinobacteria;o__Actinomycetales;f__Nocardioidaceae;g__Kribbella	0.0023311964033	0.00524319500223	0.0063661971831	0.00756445222045	0.00150732127476	0.0029465725246	0.00498833005354	0.00553147810219	0.00652145272496	0.00427729992521	0.00849326729608	0.00336811183144	0.00363201911589	0.00254948479162	0.00327839461114	0.00369102385792	0.00223430646142	0.00303771208417	0.00225765773095	0.00566526383943	0.00325451907619	0.00727980394983	0.00328340272115	0.00392594588353	0.00277473280351	0.0273858921162	0.00470261554998
k__Bacteria;p__Actinobacteria;c__Actinobacteria;o__Actinomycetales;f__Nocardioidaceae;g__Nocardioides	0.00149862625926	0.00189647478804	0.00123943661972	0.00172387176452	0.00163652024117	0.00259446637386	0.00331792595305	0.0015111770073	0.0021518598217	0.00252430815258	0.00137362637363	0.000835696920583	0.00142174432497	0.00215998017067	0.00193374057141	0.000695410292072	0.00065714895924	0.00322293843076	0.00235935402514	0.00412754936873	0.000588166098106	0.00038441208976	0.00223185544444	0.00103922096917	0.000753631131817	0.00186721991701	0.00483697599427
k__Bacteria;p__Actinobacteria;c__Actinobacteria;o__Actinomycetales;f__Pseudonocardiaceae;g__Pseudonocardia	0.00149862625926	0.0019336605682	0.000521126760563	0.00177533062317	0.00133505598622	0.00429940141954	0.00457644959041	0.00139712591241	0.00234947960125	0.00264117427076	0.00108342361863	0.00220320097245	0.00452807646356	0.00145178995078	0.00309910740584	0.000454691344817	0.000706435131183	0.00122249388753	0.00176951551885	0.00228229200388	0.000882249147159	0.0007207726683	0.000536503712606	0.00127015896232	0.00095916689504	0.0122406639004	0.00277678251523
k__Bacteria;p__Actinobacteria;c__Actinobacteria;o__Actinomycetales;f__Streptomycetaceae;g__Streptomyces	0.00216468237449	0.00304923397293	0.00301408450704	0.00177533062317	0.00318690783807	0.00250180686051	0.00423321587113	0.00481865875912	0.00421588863028	0.00348261032162	0.00425630707321	0.00387459481361	0.00342891278375	0.0019829326157	0.0028814015137	0.00727506151706	0.00589791190918	0.00266725939098	0.00270512142538	0.0026869537067	0.00299964710034	0.00187400893758	0.0030473410876	0.00277125591779	0.00202110167169	0.00352697095436	0.00349337155142
k__Bacteria;p__Actinobacteria;c__MB-A2-108;o__0319-7L14;f__;g__	0.00108234118725	0.0272943626357	0.0300422535211	0.00234137806823	0.0133505598622	0.0177535627583	0.0521257608347	0.000955177919708	0.0480435641825	0.0380282348542	0.0100990558737	0.0213229335494	0.0207168458781	0.00810877801778	0.0236274924123	0.000989622338718	0.0322988713467	0.0230051122472	0.0152747833869	0.0327937843962	0.00329373014939	0.00197011196002	0.0268895660758	0.037989299873	0.00678268018635	0.00477178423237	0.00904693658187
k__Bacteria;p__Actinobacteria;c__Thermoleophilia;o__Gaiellales;f__Gaiellaceae;g__	0.0372158854383	0.0432842481035	0.0363802816901	0.0395461328668	0.027519379845	0.0359704230833	0.0842524369594	0.0412864963504	0.0635457380001	0.0482423335826	0.0162126605789	0.0312753241491	0.0336559139785	0.0335682164229	0.0368179082306	0.0458703327271	0.0309188585323	0.0480847595762	0.032522474881	0.0503237293623	0.034368505666	0.0308250444476	0.0304090304305	0.0433778530465	0.0365168539326	0.0224066390041	0.0467574346113
k__Bacteria;p__Actinobacteria;c__Thermoleophilia;o__Solirubrobacterales;f__;g__	0.0282241278828	0.032314442957	0.0254084507042	0.0356352596099	0.0232127476314	0.0304293841849	0.078714932955	0.0275005702555	0.0612401739054	0.0441987658938	0.0188244853738	0.0202339951378	0.0285663082437	0.0236181438334	0.0378167940886	0.0347972611533	0.0323974436905	0.0443802326443	0.0246105031933	0.0478957591454	0.0305062149551	0.0172745182836	0.0338426541912	0.0556560563489	0.0577212935051	0.0221991701245	0.0485489072017
k__Bacteria;p__Actinobacteria;c__Thermoleophilia;o__Solirubrobacterales;f__Solirubrobacteraceae;g__	0.00266422446091	0.00851554365611	0.00281690140845	0.0053259918695	0.00482342807924	0.00428086951687	0.0132488215642	0.00441947992701	0.0077291291555	0.00783002991773	0.00288268069958	0.00592585089141	0.00701314217443	0.00683403562197	0.0053273912431	0.00310259976463	0.00371289161971	0.00548269985923	0.00538990359191	0.00788280997086	0.00282319727091	0.00317139974052	0.00397012747328	0.00592740849082	0.00496711427788	0.00207468879668	0.00707631673235
k__Bacteria;p__Bacteroidetes;c__Cytophagia;o__Cytophagales;f__Cytophagaceae;g__	0.0251436183498	0.0283355644801	0.0449014084507	0.0141254566974	0.0232988802756	0.016474861474	0.0145759919454	0.00962306113139	0.0148434412191	0.0161508975318	0.021049373162	0.02869226094	0.020633213859	0.0510251053433	0.0154699245713	0.00208623087622	0.0118451099903	0.0194487663925	0.0232884513688	0.0175785043703	0.00739128729953	0.00559800105713	0.00978582771793	0.00904507139833	0.0175733077555	0.0134854771784	0.0376657112146
k__Bacteria;p__Bacteroidetes;c__Cytophagia;o__Cytophagales;f__Cytophagaceae;g__Adhaeribacter	0.010740154858	0.0178119886955	0.0135915492958	0.0198373900067	0.0228682170543	0.0243138563036	0.00755114182417	0.0145130018248	0.0147336524527	0.00619390426328	0.00648119486148	0.0119783225284	0.011027479092	0.0357990156156	0.00961747794127	0.0114475232695	0.0049286171943	0.0162628732311	0.0120408412317	0.0098413726125	0.0114496333765	0.00530969198981	0.00772565346152	0.00973788537778	0.00171279802686	0.00331950207469	0.0158545324257
k__Bacteria;p__Bacteroidetes;c__Flavobacteriia;o__Flavobacteriales;f__Flavobacteriaceae;g__Flavobacterium	0.000166514028807	0.000260300461104	0.000464788732394	0.000566047445068	0.000387596899225	0.000277978540057	0.000343233719281	0.00054174270073	0.000153704272979	0.00014023934181	0.000541711809317	0.000126620745543	0.00037037037037	0.000672780708898	0.000371380639543	0.000320958596341	0.000131429791848	0.000703860117063	0.000427124435586	0.000258983489803	0.000529349488295	0.00038441208976	0.000278981930555	0.000346406989723	6.85119210743e-05	0.000622406639004	0.000313507703332
k__Bacteria;p__Bacteroidetes;c__Sphingobacteriia;o__Sphingobacteriales;f__;g__	0.00815918741154	0.00475977986018	0.00267605633803	0.00704986363402	0.00559862187769	0.00563369841182	0.00256281177063	0.00691434762774	0.00193228228888	0.00236069558714	0.00408218542021	0.00157009724473	0.00389486260454	0.00973761552353	0.00175445336612	0.00500160479298	0.000936437266917	0.00377861747055	0.00465769027377	0.00352865004856	0.00513665059013	0.00535774350103	0.0030258809391	0.00142411762442	0.00174705398739	0.00269709543568	0.00703152991759
k__Bacteria;p__Bacteroidetes;c__[Saprospirae];o__[Saprospirales];f__Chitinophagaceae;g__	0.0415452501873	0.0395656700878	0.0301408450704	0.045412442752	0.0519810508183	0.0415485257871	0.0187405610727	0.047801665146	0.0271397830574	0.0252430815258	0.0403575297941	0.0392017828201	0.0354838709677	0.0577883219433	0.0256252641285	0.0410827003317	0.0189094613021	0.0358227754316	0.0391937517797	0.0291518290709	0.0529349488295	0.0474268415742	0.0258594789476	0.0257110965706	0.0145245272677	0.0678423236515	0.0437119312075
k__Bacteria;p__Bacteroidetes;c__[Saprospirae];o__[Saprospirales];f__Saprospiraceae;g__	0.0104903838148	0.00996578908225	0.00704225352113	0.0115010549066	0.0244186046512	0.0273160245362	0.0136378197794	0.00494696624088	0.00775108690879	0.00670811518325	0.0066746633648	0.02471636953	0.0151015531661	0.0123225098261	0.00699220100657	0.00176527227988	0.00453432781876	0.0187449062755	0.0101492901599	0.00951764325024	0.00654824922558	0.00670318581519	0.00721060989742	0.0105461683538	0.00174705398739	0.00248962655602	0.0163024005733
k__Bacteria;p__Chloroflexi;c__Ellin6529;o__;f__;g__	0.00857547248356	0.00933363081957	0.0151690140845	0.00800185251891	0.00645994832041	0.00839495190971	0.0219898402819	0.00774121806569	0.0159852443898	0.0152159685864	0.00849326729608	0.0124594813614	0.0100119474313	0.00757763535286	0.00704342592237	0.00877286829999	0.0109579588953	0.0154849225754	0.00687466948704	0.0132890903205	0.00682272673803	0.00651097977031	0.0105798532126	0.0094684577191	0.0124006577144	0.00663900414938	0.0139734862057
k__Bacteria;p__Chloroflexi;c__S085;o__;f__;g__	0.00191491133128	0.00234270414993	0.00177464788732	0.000746153450316	0.000861326442722	0.000500361372102	0.00144158162098	0.00054174270073	0.00162487374292	0.00210359012715	0.00158644172729	0.0020765802269	0.000704898446834	0.000779009241882	0.00110133568968	0.000454691344817	0.00266145328492	0.00103726754094	0.000772891835822	0.00142440919391	0.00145080970866	0.0007207726683	0.000343362376068	0.00100073130364	0.0035968758564	0.00248962655602	0.00103009673952
k__Bacteria;p__Chloroflexi;c__TK10;o__;f__;g__	0.00024977104321	0.00230551836978	0.00176056338028	0.00115782431946	0.000430663221361	0.00116750986824	0.000800878678321	0.0030223540146	0.00122963418383	0.000537584143605	0.000967342516638	0.00017726904376	0.000442054958184	0.00300980843455	0.000332961952694	0.00213972397561	0.000558576615354	0.00081499592502	0.00176951551885	0.000372288766591	0.00139199309885	0.00110518475806	0.0010300871282	0.000461875986298	0.00023979172376	0.00186721991701	0.000358294518094
k__Bacteria;p__Chloroflexi;c__TK17;o__mle1-48;f__;g__	0.00108234118725	0.00148743120631	0.0022676056338	0.000540318015746	0.00193798449612	0.00103778654955	0.000617820694705	0.000370666058394	0.000812436871459	0.00074794315632	0.000580405509983	0.00124088330632	0.000812425328554	0.00177047554973	0.000371380639543	0.000133732748475	0.000295717031658	0.00188930873527	0.000976284424196	0.000372288766591	0.000509743951692	0.00081687569074	0.000472123267093	0.000654324313922	0.000753631131817	0.000622406639004	0.000671802221426
k__Bacteria;p__Firmicutes;c__Bacilli;o__Bacillales;f__Bacillaceae;g__Bacillus	0.0152360336358	0.00635876840696	0.0108028169014	0.00434827355529	0.00211024978467	0.00279831730324	0.00260857626653	0.00561701642336	0.0100127354969	0.00472139117427	0.00396610431822	0.00113958670989	0.00290322580645	0.00414291278637	0.00607015252219	0.0217716914518	0.013882271764	0.00318589316144	0.0105357360778	0.0088216251214	0.00343096890562	0.00559800105713	0.00615906262071	0.00873715407413	0.0175047958345	0.0300829875519	0.00416517377284
k__Bacteria;p__Gemmatimonadetes;c__Gemm-1;o__;f__;g__	0.0183165431688	0.0189275621003	0.0554225352113	0.0119127257757	0.0141688199828	0.00804284575897	0.00780284655165	0.0285127737226	0.0169953010408	0.0217604712042	0.0226358148893	0.016789910859	0.0132974910394	0.0107644913424	0.00596770269059	0.00390499625548	0.0206344773201	0.00640883159221	0.00656958060448	0.0380220135966	0.0143316472572	0.0322425640286	0.0144212197948	0.0285593318194	0.0985886544259	0.00414937759336	0.0155410247223
k__Bacteria;p__Gemmatimonadetes;c__Gemmatimonadetes;o__Ellin5290;f__;g__	0.00108234118725	0.00200803212851	0.00145070422535	0.00164668347656	0.00163652024117	0.00170493504568	0.00100681890989	0.00128307481752	0.00149312722322	0.00065445026178	0.00133493267296	0.00126620745543	0.00142174432497	0.00166424701675	0.000845211110684	0.000615170642987	9.85723438861e-05	0.00218567088983	0.00130171256559	0.000971188086759	0.0044112457358	0.00281101340637	0.00055796386111	0.000423386320773	0.000787887092354	0.00477178423237	0.000895736295235
k__Bacteria;p__Gemmatimonadetes;c__Gemmatimonadetes;o__Gemmatimonadales;f__Ellin5301;g__	0.00291399550412	0.000223114680946	0.000732394366197	0.00210981320434	0.00099052540913	0.0011304460629	0.00183057983616	0.000555999087591	0.000966141144438	0.00056095736724	0.00172186967962	0.00141815235008	0.00136200716846	0.000779009241882	0.00113975437653	0.00181876537927	3.2857447962e-05	0.00081499592502	0.000264410364886	0.000809323405633	0.00396031839391	0.00297919369564	0.000600884158118	0.000423386320773	0.000376815565908	0.000829875518672	8.95736295235e-05
k__Bacteria;p__Nitrospirae;c__Nitrospira;o__Nitrospirales;f__0319-6A21;g__	0.00024977104321	0.00197084634836	0.00195774647887	0.00403952040344	0.00645994832041	0.000963658938863	0.00519427028511	0.00135435675182	0.00283255017347	0.00441753926702	0.00243770314193	0.00397589141005	0.00428912783751	0.0020183421267	0.0025996644768	2.67465496951e-05	0.00529004912188	0.00459361339557	0.00181019403653	0.00360958238912	0.00254871975846	0.00045648935659	0.0025322975235	0.00354104922828	0.0131542888463	0.00165975103734	0.00537441777141
k__Bacteria;p__Nitrospirae;c__Nitrospira;o__Nitrospirales;f__Nitrospiraceae;g__Nitrospira	0.00141536924486	0.00777182805295	0.00904225352113	0.00573766273864	0.00831180017227	0.00361372102074	0.00521715253306	0.00828296076642	0.00496245224189	0.00862471952132	0.00967342516638	0.00607779578606	0.00477897252091	0.00665698806699	0.00735077541716	0.000641917192682	0.00987366311259	0.00418611543306	0.00665093763983	0.0103917125283	0.00186252597734	0.00410840420931	0.00789733464956	0.0118163273161	0.00445327486983	0.00145228215768	0.00465782873522
k__Bacteria;p__Planctomycetes;c__Planctomycetia;o__Gemmatales;f__Gemmataceae;g__Gemmata	0.000999084172842	0.000594972482523	0.000521126760563	0.000385941439819	0.000473729543497	0.000667148496136	0.00022882247952	0.000142563868613	0.000461112818936	0.00037397157816	0.000328896455657	0.000329213938412	0.000334528076464	0.00208916114868	0.000563474073789	0.000561677543597	8.2143619905e-05	0.000852041194339	0.00178985477769	0.00137584978958	0.000313688585657	0.00036038633415	0.000686724752135	0.000230937993149	0.000274047684297	0.000414937759336	0.000716589036188
k__Bacteria;p__Planctomycetes;c__Planctomycetia;o__Pirellulales;f__Pirellulaceae;g__	0.00224793938889	0.00736278447122	0.0037323943662	0.00355066124633	0.00137812230835	0.000852467522841	0.000777996430369	0.00253763686131	0.00136138070353	0.00149588631264	0.00415957282154	0.000861021069692	0.00129032258065	0.006621578556	0.000832404881734	0.00839841660426	0.000262859583696	0.00192635400459	0.00227799698979	0.00181288442862	0.00237226992903	0.00233049829417	0.00126614876175	0.000461875986298	0.000822143052891	0.00290456431535	0.00134360444285
k__Bacteria;p__Proteobacteria;c__Alphaproteobacteria;o__Rhizobiales;f__Bradyrhizobiaceae;g__	0.0216468237449	0.0126059794734	0.0168169014085	0.0241599341327	0.0152454780362	0.0176238394396	0.0202050249417	0.0135863366788	0.0165561459751	0.0145615183246	0.0247639684259	0.0152957860616	0.0190442054958	0.00977302503452	0.0182360700245	0.0434898898042	0.0117958238184	0.0178558198118	0.0162307285523	0.0256555519586	0.0228992667529	0.0284705203979	0.0327911069145	0.0192448327624	0.0140449438202	0.0427385892116	0.0192135435328
k__Bacteria;p__Proteobacteria;c__Alphaproteobacteria;o__Rhizobiales;f__Hyphomicrobiaceae;g__	0.0191491133128	0.0221999107541	0.019	0.0349148355889	0.0204565030146	0.02609291896	0.0326758500755	0.0163378193431	0.0293136006324	0.0366492146597	0.0182634267141	0.0294773095624	0.0266188769415	0.0151552707057	0.0394816038521	0.00422595485182	0.0483990208481	0.0217826183596	0.0231257372981	0.0246681774037	0.0234482217778	0.0233290086973	0.0295291643418	0.0604672645395	0.0315154836942	0.0157676348548	0.0433088498746
k__Bacteria;p__Proteobacteria;c__Alphaproteobacteria;o__Rhizobiales;f__Hyphomicrobiaceae;g__Devosia	0.0023311964033	0.000557786702365	0.000802816901408	0.00164668347656	0.00189491817399	0.000463297566761	0.00151022836483	0.00216697080292	0.000790479118177	0.000444091249065	0.00388871691689	0.000759724473258	0.000764635603345	0.00053114266492	0.000793986194885	0.00195249812774	0.000312145755639	0.000740905386382	0.00046780295326	0.000420848170929	0.00264674744148	0.00211426649368	0.000686724752135	0.000384896655248	0.00095916689504	0.0657676348548	0.00161232533142
k__Bacteria;p__Proteobacteria;c__Alphaproteobacteria;o__Rhizobiales;f__Hyphomicrobiaceae;g__Rhodoplanes	0.0677712097244	0.0279265208984	0.0284929577465	0.0527710595379	0.0302756244617	0.024740090065	0.026245938401	0.0364108120438	0.0460014931272	0.0336106955871	0.0295813341588	0.0412530388979	0.0260573476703	0.0208562019759	0.0296336137897	0.0362148282872	0.0280766892835	0.0313032525746	0.0283122483017	0.0189543541599	0.0407795161354	0.0463697083273	0.0234344821666	0.0352950232862	0.0112359550562	0.0311203319502	0.0368595485489
k__Bacteria;p__Proteobacteria;c__Alphaproteobacteria;o__Rhizobiales;f__Phyllobacteriaceae;g__Mesorhizobium	0.000582799100824	0.00152461698646	0.00197183098592	0.00283023722534	0.00301464254953	0.00478123088898	0.00427898036703	0.00162522810219	0.00256905713407	0.003202131638	0.00222488778827	0.00379862236629	0.00442054958184	0.00166424701675	0.00493039814566	0.00136407403445	0.00486290229838	0.00303771208417	0.00219663995444	0.00205568145031	0.00182331490413	0.0021623180049	0.00313318168162	0.00461875986298	0.000924910934503	0.00311203319502	0.00259763525618
k__Bacteria;p__Proteobacteria;c__Alphaproteobacteria;o__Rhizobiales;f__Phyllobacteriaceae;g__Phyllobacterium	0.000499542086421	0.00063215826268	0.00105633802817	0.00210981320434	0.000904392764858	0.001630807435	0.000800878678321	0.00152543339416	0.00344736726538	0.00051421091997	0.00297941495125	0.000557131280389	0.000908004778973	0.000637371197904	0.000601892760639	0.00010698619878	0.000591434063316	0.000740905386382	0.000976284424196	0.000404661702816	0.00105869897659	0.00069674691269	0.00107300742521	0.000538855317347	0.00130172650041	0.00103734439834	0.00174668577571
k__Bacteria;p__Proteobacteria;c__Alphaproteobacteria;o__Rhodospirillales;f__;g__	0.000166514028807	0.000446229361892	0.000295774647887	0.000231564863891	0.000818260120586	0.00083393562017	0.00377557091209	0.000384922445255	0.00169074700277	0.00177636499626	0.000367590156323	0.00212722852512	0.00154121863799	0.000177047554973	0.00206180286091	2.67465496951e-05	0.00169215857004	0.00144476550345	0.000345767400236	0.000631272256394	0.000548955024899	0.00019220604488	0.00105154727671	0.00096224163812	6.85119210743e-05	0.000414937759336	0.000492654962379
k__Bacteria;p__Proteobacteria;c__Alphaproteobacteria;o__Rhodospirillales;f__Rhodospirillaceae;g__	0.00574473399384	0.0120110069909	0.00954929577465	0.00988010085936	0.0174418604651	0.00680120828005	0.0108919500252	0.00681455291971	0.00814632646788	0.00993362004488	0.0141618944436	0.0235008103728	0.0141935483871	0.00750681633087	0.00580122171424	0.00112335508719	0.00635791618065	0.00759428021042	0.0063051702396	0.00929103269667	0.016468650747	0.00675123732641	0.00594446113567	0.0057349601632	0.00911208550288	0.0296680497925	0.012585094948
k__Bacteria;p__Proteobacteria;c__Alphaproteobacteria;o__Sphingomonadales;f__Sphingomonadaceae;g__	0.000666056115228	0.00100401606426	0.000225352112676	0.000283023722534	0.000430663221361	0.00040770185875	0.000572056198801	0.000228102189781	0.00116376092398	0.0004674644727	0.00056105865965	0.000278565640194	0.000406212664277	0.00116851386282	0.000665923905388	5.34930993902e-05	0.000377860651563	0.000592724309106	0.00046780295326	0.000874069278084	0.000294083049053	7.207726683e-05	0.000622344306623	0.000153958662099	0.000685119210743	0.000622406639004	0.000537441777141
k__Bacteria;p__Proteobacteria;c__Alphaproteobacteria;o__Sphingomonadales;f__Sphingomonadaceae;g__Kaistobacter	0.0125718091749	0.00531756656255	0.00732394366197	0.0118869963464	0.0111972437554	0.00237208354182	0.00567479749211	0.00447650547445	0.00322778973255	0.00448765893792	0.0131558582263	0.00291227714749	0.00495818399044	0.00371799865444	0.00421324932447	0.00371777040762	0.00317074372833	0.00518633770468	0.00181019403653	0.00509873745549	0.0167823393326	0.0106914612465	0.00467831237392	0.00350255956276	0.00366538777747	0.0051867219917	0.00555356503046
k__Bacteria;p__Proteobacteria;c__Alphaproteobacteria;o__Sphingomonadales;f__Sphingomonadaceae;g__Sphingomonas	0.00149862625926	0.00249144727056	0.00264788732394	0.00391087325683	0.0037037037037	0.00201997739108	0.00247128277882	0.00191035583942	0.00202011330201	0.00151925953628	0.00237966259093	0.0023551458671	0.00412186379928	0.00382422718742	0.000768373736986	0.000187225847866	0.00182358836189	0.0048529302808	0.00183053329537	0.00124635804467	0.00496020076069	0.000985055980011	0.00124468861325	0.00100073130364	0.00356261989586	0.00248962655602	0.00479218917951
k__Bacteria;p__Proteobacteria;c__Betaproteobacteria;o__Burkholderiales;f__Comamonadaceae;g__	0.00641079010907	0.00297486241261	0.00233802816901	0.00470848556579	0.0062015503876	0.00530012416375	0.00469086083017	0.00230953467153	0.0027886346669	0.00387995512341	0.00526234329051	0.00316551863857	0.005256869773	0.00722354024291	0.00400834966128	0.00393174280518	0.00238216497725	0.00855745721271	0.00406785176748	0.00977662674005	0.00378386856448	0.00180193167075	0.00500021460149	0.00307917324198	0.00130172650041	0.0163900414938	0.00564313865998
k__Bacteria;p__Proteobacteria;c__Betaproteobacteria;o__Burkholderiales;f__Comamonadaceae;g__Aquincola	0.00208142536009	0.00137587386583	0.00360563380282	0.00316471980651	0.00546942291128	0.00229795593114	0.00514850578921	0.00260891879562	0.00313995871942	0.00392670157068	0.00183795078161	0.00686284440843	0.00584229390681	0.00361177012145	0.00425166801132	0.00205948432652	0.00372932034369	0.00455656812625	0.00231867550746	0.00326966655876	0.00198015919696	0.000985055980011	0.00221039529594	0.00627381548054	0.00154151822417	0.00809128630705	0.00394123969903
k__Bacteria;p__Proteobacteria;c__Betaproteobacteria;o__Burkholderiales;f__Comamonadaceae;g__Methylibium	0.00591124802265	0.0029004908523	0.00305633802817	0.00545463901611	0.00577088716624	0.00452178425159	0.00537732826873	0.00256614963504	0.00309604321286	0.00404356768886	0.0034243925089	0.00379862236629	0.00594982078853	0.00686944513296	0.00572438434054	0.0134267679469	0.00126501174654	0.0114469882196	0.0029898710491	0.00725153771447	0.00535231149277	0.00180193167075	0.00532211682905	0.00357953889381	0.00167854206632	0.00269709543568	0.00850949480473
k__Bacteria;p__Proteobacteria;c__Betaproteobacteria;o__Burkholderiales;f__Comamonadaceae;g__Ramlibacter	0.000749313129631	0.000223114680946	0.000253521126761	0.000437400298461	0.00077519379845	0.000537425177443	0.00141869937303	9.97947080292e-05	0.000966141144438	0.00051421091997	0.000870608264974	0.000835696920583	0.00205495818399	0.00053114266492	0.00122939797918	0.000160479298171	0.00049286171943	0.000518633770468	0.000528820729773	0.000517966979605	0.000372505195467	0.00016818028927	0.00055796386111	0.000538855317347	0.000548095368594	0.00103734439834	0.00120924399857
k__Bacteria;p__Proteobacteria;c__Betaproteobacteria;o__Ellin6067;f__;g__	0.00674381816668	0.00141305964599	0.0040985915493	0.00334482581176	0.00689061154177	0.00622671929727	0.00512562354126	0.0041628649635	0.00267884590049	0.00397344801795	0.00526234329051	0.00232982171799	0.00703703703704	0.00626748344605	0.00386748114283	0.0134000213972	0.000345003203601	0.0144847003038	0.0051661717447	0.00492068630625	0.00684233227463	0.00518956321176	0.00538649727456	0.00180901427967	0.00215812551384	0.0045643153527	0.00967395198853
k__Bacteria;p__Proteobacteria;c__Betaproteobacteria;o__IS-44;f__;g__	0.0145699775206	0.000966830284099	0.000732394366197	0.00694694591674	0.000301464254953	5.55957080113e-05	6.86467438561e-05	0.00682880930657	0.000417197312371	0.000210359012715	0.00947995666306	7.59724473258e-05	0.000537634408602	0.00665698806699	6.40311447488e-05	5.34930993902e-05	1.6428723981e-05	0.000629769578425	0.000406785176748	0.000194237617352	0.00741089283614	0.0141511700543	4.29202970085e-05	7.69793310496e-05	0.000924910934503	0.0246887966805	0.00438910784665
k__Bacteria;p__Proteobacteria;c__Betaproteobacteria;o__MND1;f__;g__	0.0151527766214	0.00732559869106	0.0165352112676	0.0125559615088	0.0119724375538	0.00644910212932	0.00569767974006	0.0103358804745	0.00531377629441	0.00923242333583	0.0114726822473	0.023551458671	0.00765830346476	0.013561842711	0.00475111094036	0.00936129239328	0.0188766038542	0.0147069719197	0.00854248871171	0.00644221430884	0.00782260910481	0.0284224688866	0.00579424009614	0.0145875832339	0.0132913126884	0.00871369294606	0.0158097456109
k__Bacteria;p__Proteobacteria;c__Betaproteobacteria;o__SC-I-84;f__;g__	0.000832570144035	0.000223114680946	0.00304225352113	0.00141511861267	0.0166666666667	0.0101184188581	0.00807743352707	0.00287979014599	0.00223969083483	0.00754955123411	0.00524299644018	0.0199047811994	0.0140740740741	0.000389504620941	0.0104370765941	0.00441318069969	0.00427146823506	0.0124842557605	0.00658991986332	0.00501780511492	0.00162725953809	0.00182595742636	0.0100218893515	0.00712058812209	0.00095916689504	0.00228215767635	0.00452346829094
k__Bacteria;p__Proteobacteria;c__Deltaproteobacteria;o__Myxococcales;f__;g__	0.00374656564816	0.00182210322773	0.0042676056338	0.0024185663562	0.00551248923342	0.00242767924983	0.00626973593886	0.00561701642336	0.00252514162751	0.00409031413613	0.00205076613527	0.0170684764992	0.01	0.00545306469318	0.00195935302931	0.00583074783353	0.00170858729402	0.00881677409795	0.00423056583818	0.00632890903205	0.00286240834412	0.00122531353611	0.00369114554273	0.00350255956276	0.00195258975062	0.00311203319502	0.00613579362236
k__Bacteria;p__Proteobacteria;c__Deltaproteobacteria;o__Myxococcales;f__Haliangiaceae;g__	0.0124052951461	0.00546630968318	0.00408450704225	0.0037564966809	0.0110249784668	0.00415114619818	0.00574344423596	0.0076271669708	0.00485266347547	0.00874158563949	0.012556105866	0.00688816855754	0.0118040621266	0.0032930845225	0.0051481040378	0.00786348561036	0.00289145542066	0.00374157220123	0.00449497620307	0.00542246681774	0.0114692389131	0.0129258565182	0.00366968539422	0.0055810015011	0.0050698821595	0.00705394190871	0.0024632748119
k__Bacteria;p__Proteobacteria;c__Deltaproteobacteria;o__Syntrophobacterales;f__Syntrophobacteraceae;g__	0.0325534926318	0.0631414547077	0.0464647887324	0.0340914938507	0.0434539190353	0.0240358777636	0.0205940231568	0.0456632071168	0.04334460498	0.036181750187	0.0367590156323	0.0199047811994	0.0224611708483	0.0343826351758	0.0361007594094	0.0117417353161	0.0634805894626	0.0251166925984	0.035776756295	0.0530430560052	0.0437203466259	0.0290711642881	0.035366324735	0.0526153727724	0.119039462867	0.0153526970954	0.0321121461842
k__Bacteria;p__Proteobacteria;c__Gammaproteobacteria;o__Acidithiobacillales;f__;g__	0.00141536924486	0.00237988993009	0.00164788732394	0.000926259455565	0.0010766580534	0.00135282889494	0.000366115967233	0.00165374087591	0.0012735496904	0.0009349289454	0.00328896455657	0.000886345218801	0.00142174432497	0.00474487447328	0.000806792423835	0.000454691344817	0.000525719167392	0.0025190783137	0.0016881584835	0.000453221107154	0.00150962631847	0.00115323626928	0.00163097128632	0.000230937993149	0.00171279802686	0.000829875518672	0.00326943747761
k__Bacteria;p__Proteobacteria;c__Gammaproteobacteria;o__Pseudomonadales;f__Pseudomonadaceae;g__Pseudomonas	0.000166514028807	0.00621002528633	0.00123943661972	0.00128647146606	0.00258397932817	0.00103778654955	6.86467438561e-05	0.00205291970803	0.00155900048307	0.0009349289454	0.00597817675282	0.00276033225284	0.00063321385902	0.0026203038136	0.00139587895552	0.00010698619878	8.2143619905e-05	0.00377861747055	0.00148476589513	0.000615085788281	0.00641101046936	0.00297919369564	0.0015022103953	0.000461875986298	0.00215812551384	0.00228215767635	0.00403081332856
k__Bacteria;p__Proteobacteria;c__Gammaproteobacteria;o__Thiotrichales;f__Piscirickettsiaceae;g__	0.0136541503622	0.00669344042838	0.0135774647887	0.0294859260022	0.00508182601206	0.00298363632994	0.00496544780559	0.0104641879562	0.00518202977471	0.00500186985789	0.0181086519115	0.0103829011345	0.00401433691756	0.0120746432492	0.00639030824593	0.00205948432652	0.00507647571013	0.0125213010299	0.00663059838099	0.00417610877307	0.027447751245	0.0146076594109	0.00358384480021	0.00623532581502	0.0100027404768	0.0219917012448	0.0134808312433
k__Bacteria;p__Proteobacteria;c__Gammaproteobacteria;o__Xanthomonadales;f__Sinobacteraceae;g__	0.047872783282	0.0296370667857	0.0339014084507	0.0498636340246	0.0566752799311	0.0367858268008	0.0382362363279	0.0292683622263	0.0276448113829	0.0303618175019	0.0442075530104	0.0360615883306	0.0449581839904	0.0471654686449	0.0385979740546	0.030437573553	0.0271566807406	0.043417055642	0.0323597608103	0.0319359015863	0.043171391601	0.0389217240882	0.0315678784497	0.0281744351642	0.0523088517402	0.0346473029046	0.0630598351845
k__Bacteria;p__Proteobacteria;c__Gammaproteobacteria;o__Xanthomonadales;f__Xanthomonadaceae;g__	0.00324702356174	0.00189647478804	0.00108450704225	0.00352493181701	0.00185185185185	0.00183465836437	0.002860280994	0.00216697080292	0.00133942295024	0.00170624532536	0.00282464014858	0.00121555915721	0.00277180406213	0.00385963669842	0.00140868518447	0.00267465496951	0.000509290443411	0.00429725124102	0.00124069478908	0.00309161540952	0.00225463670941	0.00146557109221	0.00210309455341	0.00161656595204	0.000376815565908	0.0114107883817	0.00676280902902
k__Bacteria;p__Verrucomicrobia;c__Opitutae;o__Opitutales;f__Opitutaceae;g__Opitutus	0.0176504870535	0.00989141752194	0.0056338028169	0.0093140534143	0.00478036175711	0.00963658938863	0.00350098393666	0.0108348540146	0.00665319924465	0.00733919222139	0.010989010989	0.00503950567261	0.00832735961768	0.0110831769413	0.00477672339826	0.0155129988232	0.00246430859715	0.0083351855968	0.00951877313591	0.00705730009712	0.00613653295691	0.0155206381241	0.00630928366024	0.00315615257303	0.00558372156755	0.0265560165975	0.0105696882838
k__Bacteria;p__Verrucomicrobia;c__Verrucomicrobiae;o__Verrucomicrobiales;f__Verrucomicrobiaceae;g__	0.000749313129631	0.000892458723784	0.00133802816901	0.00144084804199	0.00353143841516	0.00418821000352	0.00267722301039	0.000912408759124	0.00155900048307	0.00252430815258	0.00166382912862	0.00516612641815	0.00383512544803	0.00272653234659	0.00204899663196	0.000213972397561	0.00184001708587	0.00466770393421	0.00402717324981	0.000874069278084	0.00099988236678	0.00067272115708	0.00126614876175	0.00142411762442	0.00178130994793	0.00207468879668	0.0030455034038
k__Bacteria;p__Verrucomicrobia;c__[Pedosphaerae];o__[Pedosphaerales];f__;g__	0.000915827158438	0.00185928900788	0.00374647887324	0.00108063603149	0.00654608096469	0.0037619762421	0.00249416502677	0.00289404653285	0.00263493039392	0.00278141361257	0.00251509054326	0.00303889789303	0.00235364396655	0.00446159838533	0.00294543265845	0.000213972397561	0.00299002776454	0.00181521819664	0.00445429768539	0.00301068306895	0.00141159863545	0.00052856662342	0.00259667796901	0.00361802855933	0.000513839408057	0.00186721991701	0.00313507703332
k__Bacteria;p__Verrucomicrobia;c__[Pedosphaerae];o__[Pedosphaerales];f__Ellin517;g__	0.00358005161935	0.00237988993009	0.00249295774648	0.00115782431946	0.0015503875969	0.00179759455903	0.000777996430369	0.000997947080292	0.00125159193711	0.00182311144353	0.00110277046897	0.000481158833063	0.00112305854241	0.00382422718742	0.000627505218538	0.000427944795121	0.000180715963791	0.00170408238868	0.0020135866249	0.00139203625769	0.00066658824452	0.00230647253856	0.00128760891025	0.000769793310496	0.00215812551384	0.0273858921162	0.00286635614475
k__Bacteria;p__Verrucomicrobia;c__[Pedosphaerae];o__[Pedosphaerales];f__auto67_4W;g__	0.0161518607943	0.0142793395805	0.0219577464789	0.012092831781	0.0229974160207	0.0224236022312	0.00784861104755	0.0197593521898	0.0118571867726	0.017997382199	0.0154000928649	0.0677420988655	0.0269534050179	0.0243971530753	0.0138819521815	0.011928961164	0.00975866204472	0.0161887826925	0.0305495667738	0.0170119779864	0.00988119044818	0.0159050502138	0.0104510923216	0.00835225741888	0.0132570567279	0.00954356846473	0.0146005016123
k__Bacteria;p__Verrucomicrobia;c__[Spartobacteria];o__[Chthoniobacterales];f__[Chthoniobacteraceae];g__	0.000999084172842	0.000297486241261	0.000647887323944	0.000437400298461	0.00516795865633	0.00272418969256	0.00137293487712	0.000527486313869	0.00111984541742	0.00121540762902	0.00110277046897	0.00460899513776	0.00192353643967	0.00116851386282	0.00172884090822	0.00141756713384	0.000788578751088	0.00181521819664	0.00215596143677	0.000372288766591	0.000784221464141	0.00079284993513	0.000686724752135	0.00096224163812	0.000787887092354	0.000829875518672	0.000582228591903
k__Bacteria;p__Verrucomicrobia;c__[Spartobacteria];o__[Chthoniobacterales];f__[Chthoniobacteraceae];g__Candidatus Xiphinematobacter	0.000832570144035	0.00420199315782	0.00550704225352	0.00301034323059	0.0150301464255	0.107262652657	0.0280078714933	0.0101648038321	0.0334416582495	0.0508601346298	0.0146068720012	0.0351499189627	0.0820669056153	0.0059487978471	0.076222674709	0.00288862736707	0.0782828697695	0.0231532933244	0.0458853679372	0.0256555519586	0.00523467827314	0.00533371774542	0.0356453066655	0.0492282822062	0.0100712523979	0.0132780082988	0.0118685059119
k__Bacteria;p__Verrucomicrobia;c__[Spartobacteria];o__[Chthoniobacterales];f__[Chthoniobacteraceae];g__DA101	0.203230372159	0.142384352224	0.129169014085	0.210492461277	0.0343669250646	0.171420099702	0.0452153219532	0.246307595803	0.0953625225067	0.0664968212416	0.150247639684	0.0480905591572	0.128853046595	0.114231082469	0.0599331514849	0.383893227774	0.0644827416255	0.0729421352893	0.152585119798	0.104823567498	0.181272791436	0.23631733218	0.329456199837	0.0628921134675	0.0233283091258	0.108713692946	0.077436402723